102.00,153.00,206.00,89.00
100.93,153.13,208.00,89.67
101.72,160.79,206.27,88.47
97.24,158.95,215.10,92.60
98.05,159.77,213.33,91.40
93.73,159.53,221.83,95.33
90.87,159.43,227.40,96.60
90.10,161.20,228.80,97.03
89.33,164.25,230.20,97.47
91.06,165.02,226.60,96.60
89.46,165.16,229.67,97.00
93.70,170.19,230.73,97.30
94.34,173.87,228.80,97.00
94.48,174.51,227.87,96.47
92.46,174.27,231.27,97.67
91.01,178.09,233.50,98.00
91.10,178.45,232.67,97.53
96.51,183.31,234.33,98.07
97.03,183.86,234.40,97.80
107.26,185.25,229.87,95.87
109.03,186.43,226.00,94.33
107.23,180.63,229.30,95.40
106.98,179.98,233.20,97.00
110.86,177.76,237.70,98.57
117.41,181.02,224.40,92.80
123.09,172.57,229.00,94.83
116.68,160.38,243.40,100.47
115.73,160.43,244.60,100.80
114.03,160.36,246.47,101.40
115.11,161.11,244.03,100.33
114.00,161.00,246.00,101.00
115.20,160.72,244.93,101.28
116.40,160.44,243.86,101.55
117.60,160.15,242.79,101.83
118.80,159.87,241.72,102.10
120.00,159.59,240.66,102.38
121.20,159.31,239.59,102.66
123.69,159.54,235.93,101.90
127.43,162.62,229.79,99.97
128.76,169.10,223.31,97.83
130.76,168.93,220.07,97.93
132.28,169.02,217.79,97.48
128.67,167.00,225.76,101.28
125.24,164.88,233.38,105.28
125.91,164.51,232.79,105.76
126.59,164.14,232.21,106.24
129.28,164.67,227.59,104.93
130.83,164.65,225.24,104.72
131.26,164.18,225.14,105.41
130.83,163.36,226.76,106.79
131.34,162.93,226.48,107.41
132.76,162.94,224.41,107.14
133.41,162.57,223.86,107.62
130.80,161.41,226.48,109.69
131.67,161.01,226.07,110.24
132.53,160.61,225.66,110.79
133.40,160.21,225.24,111.34
134.09,159.73,225.17,112.03
135.13,159.40,224.41,112.45
136.00,159.00,224.00,113.00
134.81,158.95,227.57,112.23
133.62,158.89,231.13,111.47
129.93,157.79,239.70,112.80
127.23,147.49,248.87,114.93
126.16,147.40,252.83,114.17
121.14,137.52,260.80,115.00
115.56,133.01,273.13,118.47
115.98,123.02,278.73,118.07
121.34,116.18,282.70,117.20
124.45,107.80,284.33,115.67
126.10,106.71,282.93,113.27
132.33,100.57,286.40,113.00
138.06,100.08,286.43,110.70
142.92,98.78,286.80,108.00
141.91,98.91,293.50,107.50
146.37,104.90,295.07,105.60
156.62,110.03,292.50,103.27
154.33,114.30,303.80,104.60
160.89,114.80,302.80,103.00
165.20,114.67,310.67,102.67
162.98,117.79,312.90,101.10
162.66,118.02,311.33,99.47
159.89,117.89,314.67,98.53
159.52,118.56,313.20,96.00
157.27,118.27,315.50,94.67
157.55,119.09,312.73,92.00
153.78,118.96,316.30,91.20
151.22,118.81,319.80,90.47
149.03,118.87,322.57,89.30
147.00,119.00,325.00,88.00
147.37,118.58,325.43,89.17
147.74,118.17,325.87,90.33
147.77,118.68,327.00,91.70
144.99,117.70,333.73,94.67
139.99,116.96,338.00,97.17
139.89,114.90,338.00,98.20
139.69,115.32,333.40,97.70
134.38,113.83,343.13,101.00
131.60,112.80,347.80,103.40
129.06,108.55,352.00,105.67
126.75,104.66,355.73,107.80
125.87,104.76,356.60,108.60
123.22,105.37,352.20,108.37
121.10,100.34,354.87,110.00
121.25,100.25,353.00,110.50
123.27,102.97,347.40,110.07
123.28,102.68,345.80,110.63
121.08,102.99,340.60,110.00
126.46,103.10,336.23,109.77
133.13,102.81,334.67,110.33
143.27,112.78,331.00,110.30
152.17,112.73,327.80,110.40
154.66,112.73,323.43,110.40
155.88,112.53,321.60,110.80
154.48,111.42,325.00,113.00
153.92,110.65,326.73,114.53
154.44,119.30,326.30,115.40
154.96,119.20,325.87,116.27
155.48,119.10,325.43,117.13
156.00,119.00,325.00,118.00
156.91,119.62,324.34,117.28
157.81,120.23,323.69,116.55
158.72,120.85,323.03,115.83
160.04,121.61,321.55,114.83
160.01,123.52,322.76,114.72
163.19,127.69,317.55,112.48
164.61,129.22,315.86,111.41
166.24,133.41,313.76,110.21
167.87,135.18,311.66,109.31
138.76,129.18,316.83,110.00
131.47,122.72,313.24,108.52
125.80,123.67,307.21,106.41
116.51,112.99,312.90,108.21
114.86,114.05,310.76,106.00
116.03,113.09,302.97,103.07
117.06,119.32,295.45,100.31
116.09,120.24,291.93,98.69
119.06,121.95,284.28,95.48
122.19,131.18,285.14,95.31
121.75,131.60,282.45,94.62
124.59,131.11,288.59,95.72
127.95,130.66,292.38,96.76
129.22,128.23,301.86,98.59
131.04,129.60,296.62,96.52
141.72,128.75,305.24,98.86
153.60,127.77,314.69,101.48
151.73,127.58,319.38,102.52
161.85,128.29,318.69,101.76
163.00,129.00,318.00,101.00
162.91,128.86,318.50,100.47
162.62,128.68,319.40,100.00
171.10,128.52,320.10,99.50
173.87,126.69,331.27,102.33
177.56,117.51,336.33,103.33
184.43,115.93,336.20,102.60
184.63,116.55,332.87,100.57
185.27,108.60,335.93,101.13
173.55,106.46,350.50,105.30
173.92,102.42,359.67,107.00
177.05,103.87,348.83,103.37
184.18,99.28,342.00,99.80
187.31,101.32,330.50,95.63
189.63,101.56,331.00,95.07
189.44,102.81,325.50,92.50
187.44,100.14,323.60,91.13
183.94,100.53,324.70,90.77
185.17,100.91,325.80,90.40
181.47,100.29,333.53,92.03
177.24,100.67,334.67,91.67
173.92,101.35,334.00,90.70
172.89,101.96,333.73,89.87
171.86,102.04,336.67,90.10
167.20,102.59,336.80,89.40
162.33,103.07,337.33,88.83
158.49,103.48,338.27,88.40
153.53,103.73,340.20,88.30
146.95,112.74,342.93,88.47
141.08,113.71,344.27,88.17
135.00,114.00,346.00,88.00
135.09,114.68,345.47,88.37
135.19,115.36,344.93,88.73
135.28,116.05,344.40,89.10
134.90,116.60,344.80,89.73
134.88,126.82,344.50,90.17
132.06,126.67,349.80,92.20
132.97,127.60,347.63,92.10
123.51,128.32,346.87,92.40
126.17,129.74,341.20,91.30
126.26,130.43,340.67,91.67
126.35,131.12,340.13,92.03
126.45,131.81,339.60,92.40
126.54,136.70,339.07,92.77
126.63,142.79,338.53,93.13
126.72,143.49,338.00,93.50
126.82,144.18,337.47,93.87
126.91,144.88,336.93,94.23
127.00,155.19,336.40,94.60
128.38,156.25,333.30,94.23
128.35,156.92,333.00,94.67
125.88,156.88,337.60,96.50
129.32,157.52,337.53,97.00
129.34,158.15,337.47,97.50
129.37,158.78,337.40,98.00
132.31,160.25,331.50,96.83
132.44,163.01,331.20,97.27
132.58,163.76,330.90,97.70
132.72,164.51,330.60,98.13
132.86,165.25,330.30,98.57
133.00,166.00,330.00,99.00
132.26,165.78,328.30,98.20
129.52,165.54,326.93,97.47
124.67,164.77,326.00,96.90
118.48,165.67,323.87,95.93
112.56,165.42,323.33,95.50
102.74,163.54,322.00,94.80
94.43,163.02,322.07,94.33
88.92,162.59,320.93,93.67
79.83,161.87,321.60,93.60
71.91,161.74,318.67,92.33
73.45,161.50,315.33,91.30
71.56,164.61,314.00,90.60
68.14,166.02,309.27,88.77
62.92,166.97,308.13,88.13
60.61,166.72,310.00,88.00
61.54,166.70,309.07,87.40
55.18,166.12,311.53,87.93
55.85,166.06,310.80,87.40
56.50,165.75,311.30,87.40
58.22,165.63,311.00,87.00
66.43,158.06,314.90,87.30
69.16,156.96,319.20,88.40
81.76,157.38,305.50,84.27
91.27,158.42,295.40,81.40
96.60,158.32,294.50,80.83
116.83,151.88,284.07,77.67
117.82,149.74,298.10,80.60
127.37,146.99,314.20,84.73
132.91,145.53,319.90,86.30
135.00,145.00,320.00,86.00
135.17,145.57,319.55,86.00
135.34,145.51,319.10,86.00
135.52,145.76,318.66,86.00
135.69,146.02,318.21,86.00
135.86,146.27,317.76,86.00
135.41,146.32,318.55,86.41
135.48,143.02,318.31,86.48
135.55,143.41,318.07,86.55
135.62,143.79,317.83,86.62
135.69,144.17,317.59,86.69
135.76,144.55,317.34,86.76
135.83,144.93,317.10,86.83
135.90,145.31,316.86,86.90
135.97,145.69,316.62,86.97
136.03,146.07,316.38,87.03
136.10,146.45,316.14,87.10
136.17,148.19,315.90,87.17
136.24,148.65,315.66,87.24
136.31,149.11,315.41,87.31
136.38,149.57,315.17,87.38
136.45,152.59,314.93,87.45
136.52,159.77,314.69,87.52
136.59,160.24,314.45,87.59
136.66,160.70,314.21,87.66
135.44,161.16,313.97,87.72
133.73,162.81,311.86,87.28
135.44,163.05,311.00,87.17
137.62,163.07,311.62,87.48
137.00,163.00,313.00,88.00
136.86,162.66,313.30,88.03
136.72,162.32,313.60,88.07
136.57,170.33,313.90,88.10
136.43,169.68,314.20,88.13
136.29,169.03,314.50,88.17
136.15,168.38,314.80,88.20
133.70,159.77,319.70,89.77
133.66,159.47,319.80,89.73
133.62,159.17,319.90,89.70
135.58,156.40,316.00,88.33
135.44,149.87,316.30,88.37
135.29,149.53,316.60,88.40
140.07,149.05,317.70,88.70
149.31,148.24,321.33,89.67
156.07,143.81,317.50,88.50
165.39,144.18,313.73,87.73
156.02,142.67,326.33,90.73
165.14,136.29,331.60,92.20
165.88,132.12,333.00,92.67
167.00,132.29,332.00,92.33
165.38,132.16,333.40,92.60
164.43,132.37,332.13,92.20
162.82,132.57,330.87,91.80
161.33,132.98,328.00,91.00
159.90,131.50,327.00,90.67
153.98,131.87,327.07,90.60
148.04,132.20,327.20,90.60
143.70,132.80,325.47,90.07
138.35,133.40,323.73,89.53
133.00,134.00,322.00,89.00
132.37,133.86,322.07,89.50
131.55,133.65,322.53,90.13
130.47,133.38,323.50,90.90
129.62,133.17,324.00,91.53
128.78,132.96,324.50,92.17
127.94,132.75,325.00,92.80
126.31,132.24,327.07,94.03
126.71,132.40,325.07,93.93
118.50,124.52,334.50,96.40
118.00,124.82,333.67,96.67
119.72,121.89,328.40,96.30
115.75,113.03,323.00,95.00
115.23,114.18,314.63,92.90
112.49,105.29,310.87,92.13
110.49,104.71,313.50,93.50
109.89,104.59,313.33,93.93
109.30,108.50,313.17,94.37
108.70,108.08,313.00,94.80
113.91,125.72,323.27,98.50
121.94,129.12,325.33,99.67
117.22,128.99,333.60,102.40
117.17,129.42,332.53,102.40
119.80,130.52,326.10,101.07
117.06,132.05,330.40,102.80
108.89,132.05,329.33,103.00
108.51,132.05,328.27,103.20
105.08,131.05,333.30,105.40
100.79,130.12,338.73,107.47
104.26,140.73,330.63,105.67
104.00,141.00,330.00,106.00
104.21,141.38,330.10,106.38
104.43,141.77,330.21,106.76
104.64,142.15,330.31,107.14
104.86,142.53,330.41,107.52
105.07,142.91,330.52,107.90
105.29,143.30,330.62,108.28
105.50,141.24,330.72,108.66
107.11,141.28,330.83,109.03
107.50,141.31,330.93,109.41
111.07,140.17,337.69,112.14
115.01,140.19,337.76,112.55
116.67,140.83,335.34,111.72
117.19,140.90,335.21,112.03
116.16,140.45,338.17,113.38
118.23,141.03,334.93,112.66
118.75,141.10,334.79,112.97
119.27,141.17,334.66,113.28
121.96,141.86,330.17,112.34
123.81,142.31,327.38,111.90
124.33,142.38,327.24,112.21
124.85,142.45,327.10,112.52
125.36,142.52,326.97,112.83
125.88,140.55,326.83,113.14
126.92,142.81,325.66,113.10
127.34,142.85,325.72,113.48
127.75,142.89,325.79,113.86
128.41,142.99,325.38,114.10
128.70,143.00,325.69,114.55
129.00,143.00,326.00,115.00
129.22,143.43,325.87,113.73
129.43,143.87,325.73,112.47
132.65,145.30,319.60,109.20
133.47,145.73,319.47,107.93
136.75,147.00,313.50,105.00
142.90,147.40,313.60,103.80
140.22,147.03,319.07,104.13
140.34,147.46,318.93,102.87
137.76,147.90,318.80,101.60
137.58,148.33,318.67,100.33
137.40,148.76,318.53,99.07
137.23,149.20,318.40,97.80
137.05,149.63,318.27,96.53
135.27,139.99,321.33,96.33
133.44,139.99,324.50,96.00
133.48,140.53,323.93,94.60
133.51,131.58,323.37,93.20
129.51,132.15,322.80,91.80
134.83,133.09,319.67,89.67
134.76,127.63,319.33,88.33
134.68,127.87,319.00,87.00
134.61,128.10,318.67,85.67
133.71,125.75,319.97,84.80
132.74,119.16,319.40,83.40
133.54,119.63,317.67,81.67
134.03,120.04,316.53,80.07
134.02,120.28,316.40,78.80
134.01,120.52,316.27,77.53
134.01,120.76,316.13,76.27
134.00,121.00,316.00,75.00
132.94,119.43,309.23,78.20
131.89,117.86,302.47,81.40
130.83,116.28,295.70,84.60
129.78,114.71,288.93,87.80
128.55,112.81,282.50,91.67
127.26,110.87,276.20,95.60
125.91,108.71,270.03,99.97
124.08,108.02,264.80,105.40
122.84,106.40,258.40,109.20
121.11,112.69,253.00,114.33
120.37,114.61,245.60,116.80
118.13,114.72,241.20,123.80
121.25,119.59,236.27,129.60
111.60,124.69,238.47,137.27
106.19,132.47,228.00,144.00
103.69,141.60,223.73,150.73
88.62,153.82,227.00,161.87
75.06,162.91,221.00,166.80
38.70,158.96,217.87,170.30
42.63,161.13,209.00,176.67
44.98,153.55,203.30,187.00
53.65,156.06,197.93,192.33
56.13,156.54,192.57,197.67
56.21,144.60,192.00,211.00
66.11,135.45,186.83,216.67
71.39,138.45,176.47,213.67
76.86,134.88,165.70,210.90
79.74,116.83,160.13,215.93
90.12,125.72,145.67,208.37
90.00,114.00,140.00,213.00
89.73,110.11,140.72,208.69
89.88,114.65,141.45,204.38
90.69,121.08,139.17,196.28
90.62,124.81,139.48,191.90
91.45,116.85,135.97,181.00
84.15,119.54,137.38,177.21
82.82,119.34,134.55,169.48
73.14,120.32,138.34,169.00
72.91,117.59,137.55,160.41
73.09,122.72,136.76,154.17
75.14,134.01,136.90,149.93
78.25,143.60,135.66,143.62
76.33,144.36,136.79,140.17
70.54,163.66,138.24,134.55
66.02,174.60,140.86,131.03
58.94,183.85,144.24,129.21
61.07,194.55,146.45,122.31
57.59,185.98,150.69,121.28
31.97,171.86,149.83,115.69
-8.74,127.70,151.72,112.69
10.44,119.52,155.38,110.52
 7.16,114.60,156.41,108.03
17.68,118.47,153.52,103.79
33.29,127.99,153.45,100.17
46.49,144.42,151.76,95.59
59.01,157.08,151.59,92.21
69.87,164.76,150.79,89.00
80.95,172.75,149.93,85.00
85.00,184.00,152.00,83.00
90.77,188.65,154.20,83.80
99.86,187.34,156.93,84.87
103.85,192.93,156.70,84.00
103.01,197.13,156.13,83.87
103.05,195.53,160.50,85.33
105.37,188.76,165.20,87.80
106.75,186.34,168.33,89.07
109.78,185.01,171.73,90.47
110.24,187.54,175.70,92.30
119.99,181.25,181.67,95.33
126.82,179.79,186.23,97.00
127.34,178.66,188.80,98.00
131.70,182.08,190.13,98.17
130.67,187.37,194.67,100.40
125.35,196.50,195.50,100.50
123.70,202.84,200.20,102.33
119.86,203.83,203.63,103.50
113.24,202.04,212.60,107.40
107.22,198.93,220.40,111.50
103.79,197.45,223.00,112.33
99.81,195.61,226.70,113.90
95.43,193.50,231.20,116.00
91.50,191.68,234.80,117.50
87.87,190.07,237.80,118.60
83.64,188.06,242.00,120.50
79.71,186.25,245.60,122.00
75.79,185.02,249.20,123.50
71.86,183.01,252.80,125.00
67.93,181.01,256.40,126.50
64.00,179.00,260.00,128.00
66.58,179.23,258.43,127.73
76.48,178.06,261.53,130.27
79.10,177.51,259.80,129.90
84.14,179.01,253.20,126.53
85.73,179.18,250.83,125.83
91.31,180.22,245.80,123.40
89.99,170.39,251.93,127.73
84.92,167.33,258.13,130.93
74.82,156.67,258.20,131.80
79.13,157.69,253.00,129.67
76.82,154.31,255.47,130.73
74.33,148.69,251.00,129.00
76.58,146.90,243.50,126.03
78.05,146.27,243.67,126.87
85.04,147.23,243.00,127.00
82.23,142.06,242.60,127.27
80.90,142.00,238.03,125.23
82.69,139.21,235.80,124.60
83.22,137.67,236.10,125.87
82.45,130.38,239.00,127.67
78.93,127.42,244.30,131.20
80.80,126.47,242.27,130.73
84.20,126.67,237.17,127.97
79.90,125.97,233.80,127.00
81.45,125.04,231.83,126.50
79.10,118.31,222.87,122.80
71.25,115.37,224.30,123.70
78.38,109.94,210.07,116.60
71.89,108.55,207.73,115.87
73.00,100.00,205.00,115.00
59.70,91.87,208.24,116.59
50.73,92.49,208.17,116.52
51.32,86.86,203.97,113.48
50.12,87.50,203.34,113.17
48.48,82.34,203.59,112.62
44.02,75.62,209.48,115.93
36.18,66.40,217.14,120.07
35.82,62.06,225.14,124.79
27.49,58.45,233.28,128.83
24.19,55.15,236.86,130.59
24.56,54.45,242.93,133.59
24.10,53.78,248.86,136.52
36.68,50.28,250.31,137.21
35.56,54.69,263.28,143.90
38.25,61.90,267.72,146.10
49.75,65.16,274.24,149.62
87.70,67.94,274.97,149.69
94.58,64.57,285.41,155.21
102.33,60.64,288.28,156.31
112.23,53.49,287.07,155.69
123.06,49.91,289.03,156.93
130.11,48.39,293.86,159.17
125.00,34.50,306.83,165.62
119.95,29.80,315.62,170.48
113.01,17.24,325.93,176.03
112.67,16.22,324.17,174.69
111.01, 4.38,328.45,176.79
108.30, 2.74,332.59,178.79
106.00, 1.00,337.00,181.00
