165.00,112.00,64.00,108.00
164.00,100.43,65.32,111.32
161.70,91.58,69.24,118.08
160.36,87.54,71.24,123.76
159.90,88.94,71.48,124.16
159.20,87.89,72.20,126.40
159.86,87.67,70.20,124.72
160.02,85.78,70.68,126.40
160.38,85.16,69.20,125.52
159.61,83.03,69.96,127.68
158.51,80.21,71.40,131.20
157.41,77.40,72.84,134.72
156.31,74.59,74.28,138.24
155.21,71.77,75.72,141.76
154.11,68.96,77.16,145.28
153.01,66.14,78.60,148.80
151.91,63.33,80.04,152.32
150.81,60.51,81.48,155.84
149.71,57.70,82.92,159.36
148.61,54.89,84.36,162.88
147.50,52.07,85.80,166.40
146.40,49.26,87.24,169.92
145.30,46.44,88.68,173.44
144.20,43.63,90.12,176.96
143.10,40.81,91.56,180.48
142.00,38.00,93.00,184.00
144.76,43.63,92.80,181.56
146.20,52.28,92.20,178.56
136.44,56.17,91.92,176.08
126.61,57.86,91.88,173.76
103.48,60.23,92.00,171.80
89.08,57.44,92.52,170.56
72.07,51.94,93.56,169.72
63.32,48.96,94.36,169.44
55.93,52.22,92.28,163.84
44.04,45.78,96.20,167.80
44.08,75.36,97.48,168.64
60.60,97.89,95.08,161.72
69.31,98.78,95.96,160.84
86.40,101.35,94.76,156.84
99.83,96.89,96.20,157.60
116.43,93.12,93.96,151.64
135.49,83.78,94.20,150.72
147.23,78.11,95.80,150.44
165.33,74.77,95.88,148.48
187.12,72.25,96.60,147.00
204.82,71.02,95.96,143.56
225.84,67.20,95.96,141.40
248.23,66.55,95.64,138.60
270.65,64.85,95.24,135.64
293.00,63.00,95.00,133.00
293.00,63.00,95.00,133.00
293.00,63.00,95.00,133.00
293.00,63.00,95.00,133.00
293.00,63.00,95.00,133.00
293.00,63.00,95.00,133.00
293.00,63.00,95.00,133.00
293.00,63.00,95.00,133.00
293.00,63.00,95.00,133.00
293.00,63.00,95.00,133.00
293.00,63.00,95.00,133.00
293.00,63.00,95.00,133.00
293.00,63.00,95.00,133.00
293.00,63.00,95.00,133.00
293.00,63.00,95.00,133.00
293.00,63.00,95.00,133.00
293.00,63.00,95.00,133.00
293.00,63.00,95.00,133.00
293.00,63.00,95.00,133.00
293.00,63.00,95.00,133.00
293.00,63.00,95.00,133.00
293.00,63.00,95.00,133.00
293.00,63.00,95.00,133.00
293.00,63.00,95.00,133.00
293.00,63.00,95.00,133.00
293.00,63.00,95.00,133.00
293.00,62.96,95.00,132.96
293.00,62.92,95.00,132.92
293.00,62.88,95.00,132.88
293.00,62.84,95.00,132.84
293.00,62.80,95.00,132.80
293.00,62.76,95.00,132.76
293.00,62.72,95.00,132.72
293.00,62.68,95.00,132.68
293.00,62.64,95.00,132.64
293.00,62.60,95.00,132.60
293.00,62.56,95.00,132.56
293.00,62.52,95.00,132.52
293.00,62.48,95.00,132.48
293.00,62.44,95.00,132.44
293.00,62.40,95.00,132.40
293.00,62.36,95.00,132.36
293.00,62.32,95.00,132.32
293.00,62.28,95.00,132.28
293.00,62.24,95.00,132.24
293.00,62.20,95.00,132.20
293.00,62.16,95.00,132.16
293.00,62.12,95.00,132.12
293.00,62.08,95.00,132.08
293.00,62.04,95.00,132.04
293.00,62.00,95.00,132.00
293.00,62.04,95.04,132.08
293.00,62.08,95.08,132.16
293.00,62.12,95.12,132.24
293.00,62.16,95.16,132.32
293.00,62.20,95.20,132.40
293.00,62.24,95.24,132.48
293.00,62.28,95.28,132.56
293.00,62.32,95.32,132.64
293.00,62.36,95.36,132.72
293.00,62.40,95.40,132.80
293.00,62.44,95.44,132.88
293.00,62.48,95.48,132.96
293.00,62.52,95.52,133.04
293.00,62.56,95.56,133.12
293.00,62.60,95.60,133.20
293.00,62.64,95.64,133.28
293.00,62.68,95.68,133.36
293.00,62.72,95.72,133.44
293.00,62.76,95.76,133.52
293.00,62.80,95.80,133.60
293.00,62.84,95.84,133.68
293.00,62.88,95.88,133.76
293.00,62.92,95.92,133.84
293.00,62.96,95.96,133.92
293.00,63.00,96.00,134.00
287.15,63.79,103.36,133.52
274.38,65.54,109.84,132.64
261.65,65.51,117.48,132.32
240.62,68.44,118.64,124.56
205.06,66.50,130.20,128.80
174.96,68.50,132.08,125.16
132.99,66.92,143.04,128.68
99.82,67.48,149.76,127.92
70.58,68.04,156.48,127.16
43.87,68.20,165.20,127.20
21.98,68.06,174.76,127.84
26.98,56.74,177.68,126.44
24.29,54.95,185.28,126.52
33.21,57.23,190.96,124.68
41.64,59.03,197.60,123.80
50.08,60.82,204.24,122.92
58.51,62.62,210.88,122.04
66.95,64.42,217.52,121.16
75.39,66.22,224.16,120.28
83.82,68.01,230.80,119.40
92.26,69.81,237.44,118.52
100.69,71.61,244.08,117.64
109.13,73.41,250.72,116.76
117.56,75.20,257.36,115.88
126.00,77.00,264.00,115.00
127.89,76.86,259.28,120.56
93.65,76.72,254.56,126.12
151.66,77.76,245.08,129.32
132.86,76.00,248.84,138.12
155.28,70.30,235.80,140.20
145.01,77.52,231.16,145.64
143.55,76.00,233.72,153.96
162.47,75.88,226.24,159.48
167.43,69.83,221.52,165.04
179.69,73.76,203.60,163.20
185.11,77.87,193.04,167.76
232.02,73.34,192.92,173.60
183.53,77.59,189.08,179.40
167.56,71.77,189.64,186.96
178.13,91.21,187.40,193.80
181.91,88.97,186.56,200.76
187.70,87.53,181.72,206.12
193.49,86.09,176.88,211.48
199.28,84.65,172.04,216.84
205.06,83.21,167.20,222.20
210.85,81.76,162.36,227.56
216.64,80.32,157.52,232.92
222.43,78.88,152.68,238.28
228.21,77.44,147.84,243.64
234.00,76.00,143.00,249.00
236.32,75.13,141.76,249.56
238.63,74.27,140.52,250.12
240.95,73.40,139.28,250.68
243.27,72.53,138.04,251.24
245.59,71.67,136.80,251.80
247.90,70.80,135.56,252.36
250.22,69.93,134.32,252.92
252.54,69.07,133.08,253.48
254.86,68.20,131.84,254.04
257.17,67.33,130.60,254.60
259.49,66.47,129.36,255.16
261.81,65.60,128.12,255.72
264.12,64.73,126.88,256.28
266.44,59.27,125.64,256.84
268.76,63.20,124.40,257.40
274.95,49.58,125.92,266.40
278.29,46.21,123.28,261.92
288.16,37.17,124.40,267.68
291.88,38.73,120.96,263.44
296.17,41.29,116.40,257.20
294.63,53.76,109.88,244.76
298.41,56.55,105.68,238.72
293.57,64.64,103.72,237.76
295.78,64.32,102.36,237.88
298.00,64.00,101.00,238.00
298.04,64.44,100.24,238.32
298.08,64.88,99.48,238.64
298.12,65.32,98.72,238.96
298.16,65.76,97.96,239.28
298.20,66.20,97.20,239.60
298.24,66.64,96.44,239.92
298.28,67.08,95.68,240.24
298.32,67.52,94.92,240.56
298.36,67.96,94.16,240.88
298.40,68.40,93.40,241.20
298.44,68.84,92.64,241.52
298.48,69.28,91.88,241.84
298.52,69.72,91.12,242.16
298.56,70.16,90.36,242.48
298.60,70.60,89.60,242.80
298.64,71.04,88.84,243.12
298.68,71.48,88.08,243.44
298.72,71.92,87.32,243.76
298.76,72.36,86.56,244.08
298.80,72.80,85.80,244.40
298.84,73.24,85.04,244.72
298.88,73.68,84.28,245.04
298.92,74.12,83.52,245.36
298.96,74.56,82.76,245.68
299.00,75.00,82.00,246.00
300.85,75.70,85.96,246.24
302.42,76.00,90.48,247.28
300.14,79.66,95.20,248.52
322.64,66.43,98.96,248.56
303.83,65.06,104.20,255.20
322.35,91.15,108.24,252.44
295.43,89.07,111.88,254.88
284.43,89.99,115.04,251.32
269.66,89.10,118.92,251.36
279.43,89.72,121.60,248.40
288.02,87.34,126.68,251.44
290.65,85.16,131.08,254.08
287.53,85.58,134.44,251.52
284.59,85.80,137.44,249.36
281.17,84.82,141.40,249.60
277.76,83.83,145.36,249.84
274.34,82.85,149.32,250.08
270.92,81.87,153.28,250.32
267.50,80.89,157.24,250.56
264.09,79.91,161.20,250.80
260.67,78.93,165.16,251.04
257.25,77.94,169.12,251.28
253.83,76.96,173.08,251.52
250.42,75.98,177.04,251.76
247.00,75.00,181.00,252.00
248.25,74.92,180.71,252.12
249.50,74.83,180.42,252.25
250.75,74.75,180.12,252.38
252.00,74.67,179.83,252.50
253.25,74.58,179.54,252.63
254.50,74.50,179.25,252.75
255.75,74.42,178.96,252.88
257.00,74.33,178.67,253.00
258.25,74.25,178.38,253.12
259.50,74.17,178.08,253.25
260.75,74.08,177.79,253.38
262.00,74.00,177.50,253.50
263.25,73.92,177.21,253.62
264.50,73.83,176.92,253.75
265.75,73.75,176.62,253.88
267.00,73.67,176.33,254.00
268.25,73.58,176.04,254.12
269.50,73.50,175.75,254.25
270.75,73.42,175.46,254.38
272.00,73.33,175.17,254.50
273.25,73.25,174.88,254.62
274.50,73.17,174.58,254.75
275.75,73.08,174.29,254.88
277.00,73.00,174.00,255.00
277.00,73.00,174.00,255.12
277.00,73.00,174.00,255.24
277.00,73.00,174.00,255.36
277.00,73.00,174.00,255.48
277.00,73.00,174.00,255.60
277.00,73.00,174.00,255.72
277.00,73.00,174.00,255.84
277.00,73.00,174.00,255.96
277.00,73.00,174.00,256.08
277.00,73.00,174.00,256.20
277.00,73.00,174.00,256.32
277.00,73.00,174.00,256.44
277.00,73.00,174.00,256.56
277.00,73.00,174.00,256.68
277.00,73.00,174.00,256.80
277.00,73.00,174.00,256.92
277.00,73.00,174.00,257.04
277.00,73.00,174.00,257.16
277.00,73.00,174.00,257.28
277.00,73.00,174.00,257.40
277.00,73.00,174.00,257.52
277.00,73.00,174.00,257.64
277.00,73.00,174.00,257.76
277.00,73.00,174.00,257.88
277.00,73.00,174.00,258.00
271.00,72.42,178.24,258.52
264.99,71.84,182.48,259.04
258.99,71.26,186.72,259.56
252.99,70.68,190.96,260.08
246.98,70.09,195.20,260.60
240.98,69.51,199.44,261.12
234.98,68.93,203.68,261.64
228.97,68.35,207.92,262.16
222.97,67.77,212.16,262.68
216.97,67.19,216.40,263.20
210.96,66.61,220.64,263.72
204.96,66.03,224.88,264.24
198.96,65.45,229.12,264.76
198.57,59.25,233.36,265.28
191.75,81.12,228.00,256.20
206.92,75.24,231.60,256.08
210.22,86.80,231.80,252.56
205.61,83.93,234.36,250.84
203.54,84.42,236.20,248.32
197.95,81.70,240.00,248.60
192.12,80.76,244.28,249.68
186.59,80.32,247.96,249.76
181.06,79.88,251.64,249.84
175.53,79.44,255.32,249.92
170.00,79.00,259.00,250.00
