135.00,46.00,107.00,195.00
115.41,39.78,106.73,195.10
109.78,33.56,106.47,195.20
110.33,33.54,106.20,195.30
103.63,27.67,105.40,194.33
96.43,28.74,104.00,192.17
91.13,23.27,103.00,190.80
75.71,25.46,106.67,198.77
71.08,27.45,104.33,194.73
72.62,29.44,102.00,190.70
66.41,30.08,103.00,193.33
60.53,33.58,103.13,194.60
54.50,35.11,103.80,196.20
47.19,36.77,105.53,200.30
45.46,38.80,103.13,196.13
47.08,40.32,101.00,193.00
44.37,39.97,101.00,193.60
42.22,40.10,100.73,193.23
39.60,40.46,99.80,192.40
36.76,38.36,101.73,196.50
33.25,38.06,101.67,197.00
33.34,37.16,102.20,198.70
32.11,36.93,102.07,199.07
32.73,36.70,101.93,199.43
30.84,41.26,97.00,190.20
29.50,44.51,98.33,193.50
29.79,43.81,98.87,195.20
31.48,45.91,96.60,191.30
25.82,44.40,97.93,194.60
25.44,42.98,99.40,198.17
26.00,43.00,99.00,198.00
26.13,43.03,98.90,198.03
26.27,43.07,98.80,198.07
28.20,46.70,95.10,190.90
29.14,47.91,93.40,188.60
29.34,43.17,93.17,188.33
27.01,38.89,98.00,197.40
22.87,33.79,97.23,196.10
22.25,33.73,95.80,193.47
22.98,34.61,94.50,191.80
22.98,30.46,94.67,192.33
22.45,33.49,95.90,194.37
21.78,34.30,97.40,197.60
21.84,34.39,97.43,197.90
20.84,32.35,99.60,202.47
21.48,33.58,98.50,200.50
22.17,34.93,97.27,198.27
22.37,35.29,97.03,198.03
21.97,34.45,98.00,200.20
22.51,35.48,97.10,198.63
22.64,35.70,97.00,198.67
22.77,35.93,96.90,198.70
22.90,36.15,96.80,198.73
26.13,33.31,99.77,204.90
27.80,28.87,99.40,204.40
27.00,27.03,101.17,208.17
27.13,32.43,101.07,208.20
27.90,33.92,99.70,205.70
27.93,33.95,99.80,206.13
27.93,33.91,99.97,206.70
28.00,34.00,100.00,207.00
27.81,33.91,100.13,207.17
21.86,39.98,100.27,207.33
21.87,39.89,100.40,207.50
21.88,39.80,100.53,207.67
15.55,39.38,101.00,208.50
13.47,37.63,102.80,212.00
14.27,39.54,100.93,208.17
15.73,34.93,101.07,208.33
15.04,33.65,102.60,211.30
14.75,33.16,103.33,212.67
14.75,33.28,103.47,212.83
13.76,31.20,105.60,217.40
17.32,28.54,105.73,217.60
17.66,29.49,104.80,215.67
17.92,30.31,104.00,214.00
18.18,31.40,103.20,211.80
17.95,31.23,103.40,212.10
19.51,34.67,100.00,205.20
19.37,38.59,100.00,205.10
23.32,38.83,100.00,205.00
23.39,39.07,100.00,204.90
23.46,39.31,100.00,204.80
22.52,39.00,102.00,208.70
22.79,39.44,101.60,207.80
21.99,37.74,103.33,211.17
21.99,31.41,103.47,211.33
22.80,32.90,102.00,208.30
22.86,32.94,102.00,208.20
22.97,33.03,101.93,207.97
23.00,33.00,102.00,208.00
23.12,33.54,101.73,207.87
23.25,34.07,101.47,207.73
22.47,32.81,103.00,211.20
22.77,33.68,102.40,210.40
22.12,32.69,103.67,213.33
22.35,33.42,103.20,212.80
23.34,35.70,101.20,209.20
23.53,36.37,100.80,208.80
23.42,36.44,101.00,209.60
23.58,37.04,100.67,209.33
20.15,38.38,99.60,207.60
21.15,40.25,98.00,204.80
21.52,40.85,97.67,204.53
19.11,41.46,97.33,204.27
19.27,42.06,97.00,204.00
18.84,41.20,97.87,206.67
17.34,38.45,100.87,213.10
17.38,35.05,100.80,213.40
17.78,35.90,100.00,212.23
15.74,35.94,100.00,212.67
15.94,35.99,100.00,213.10
16.15,36.04,100.00,213.53
17.78,34.66,100.00,213.97
16.79,27.94,102.00,218.40
17.62,28.62,100.33,215.50
22.77,23.03,100.80,216.87
23.08,23.27,100.60,216.90
23.38,23.51,100.40,216.93
23.73,23.82,100.13,216.83
24.00,24.00,100.00,217.00
24.34,24.19,99.83,216.80
25.08,24.38,99.67,216.60
24.72,22.76,101.30,220.00
25.29,23.02,101.07,219.67
25.20,21.52,102.17,222.83
25.64,21.53,102.20,223.00
26.01,21.40,102.37,223.43
21.96,15.40,102.13,223.07
22.74,20.10,101.90,222.70
24.86,23.17,99.00,216.33
25.84,22.46,98.37,215.57
26.49,22.28,98.40,215.80
23.65,22.09,98.43,216.03
21.61,21.91,98.47,216.27
21.76,20.73,99.50,218.50
22.38,20.48,99.60,218.87
23.43,18.46,98.83,217.50
24.41,19.35,98.20,216.00
24.96,19.15,98.43,216.67
23.51,20.96,98.67,217.33
23.96,19.81,99.50,219.50
20.15,19.50,99.67,220.00
20.73,19.19,99.83,220.50
21.30,18.87,100.00,221.00
21.88,18.56,100.17,221.50
22.45,18.25,100.33,222.00
23.02,17.94,100.50,222.50
29.44,17.62,100.67,223.00
30.22,17.31,100.83,223.50
31.00,17.00,101.00,224.00
30.99,17.01,101.07,223.63
36.82,17.01,101.13,223.27
36.60,17.02,101.20,222.90
36.39,17.02,101.27,222.53
37.21,17.03,101.33,222.17
42.96,18.63,99.80,218.60
41.72,16.45,101.93,222.60
43.41,17.04,101.53,221.07
45.60,17.05,101.60,220.70
44.82,15.72,103.00,223.00
43.38,16.60,105.73,228.97
44.86,22.43,102.60,221.60
45.29,23.49,101.60,219.13
44.17,24.67,100.73,216.40
43.86,24.44,101.00,216.50
43.54,24.21,101.27,216.60
42.66,22.85,102.67,218.97
39.85,22.55,103.00,219.20
39.71,22.26,103.33,219.43
36.72,22.63,103.00,218.33
36.79,23.07,102.60,217.10
36.52,22.84,102.87,217.20
36.25,22.61,103.13,217.30
30.51,24.38,101.80,213.40
29.44,22.15,103.67,217.50
22.74,21.58,104.20,218.27
22.39,21.24,104.60,218.60
21.25,19.29,106.60,222.13
21.01,19.15,106.80,222.07
16.00,19.00,107.00,222.00
16.28,18.76,106.00,221.67
10.70,19.04,104.87,221.07
11.23,24.77,103.80,220.60
11.62,24.31,103.00,220.67
12.11,24.05,102.00,220.33
12.60,23.79,101.00,220.00
13.45,24.47,99.30,217.80
14.12,24.87,97.93,216.13
19.79,27.89,95.40,212.60
20.11,27.95,94.33,212.00
20.24,27.27,93.63,212.87
21.14,28.76,91.40,209.40
23.84,32.21,90.43,209.10
24.82,32.98,88.40,206.67
26.74,35.62,84.50,200.50
27.53,35.98,82.87,198.87
27.81,35.35,82.23,199.23
27.80,33.52,82.20,202.00
21.41,31.02,83.40,206.10
14.91,29.46,83.67,208.33
 3.14,33.89,83.80,210.30
 6.26,35.52,80.87,206.13
 5.55,35.88,79.20,204.50
10.64,27.43,80.60,209.00
 9.71,22.99,82.50,217.00
 4.11,22.14,82.00,217.80
 4.39,21.30,81.50,218.60
 6.07,24.65,78.20,211.00
 0.86,29.70,77.60,211.50
 1.00,29.00,77.00,212.00
-3.93,29.20,76.43,211.37
-4.55,27.14,78.00,215.27
-3.96,26.66,77.50,214.90
-3.36,26.55,77.00,214.53
-7.61,26.43,76.50,214.17
-7.23,24.32,76.80,217.80
-1.59,26.20,75.50,213.43
-6.57,34.28,72.73,208.00
-11.66,35.22,72.50,208.70
-12.33,31.60,74.67,215.67
-11.73,35.70,74.30,214.73
-10.27,39.86,72.20,210.00
-9.85,38.55,72.20,212.33
-12.65,36.73,73.60,215.67
-15.60,34.91,74.00,219.00
-15.14,34.03,73.93,220.47
-14.99,33.01,74.50,222.20
-14.60,31.56,74.60,224.80
-14.25,30.26,74.77,227.10
-14.27,28.49,75.67,230.33
-13.95,27.56,75.90,231.90
-13.30,27.46,75.47,231.80
-11.50,30.81,72.73,224.80
-10.40,28.33,71.40,220.40
-3.02,30.36,68.83,215.67
-1.82,32.29,67.27,211.13
-1.01,32.42,66.50,210.20
-0.31,32.44,65.93,209.47
 0.38,32.29,65.40,209.10
 1.00,32.00,65.00,209.00
-0.36,32.31,66.63,209.50
-1.72,27.50,68.27,210.00
 0.85,21.49,73.50,222.20
 0.75,25.61,72.67,215.00
-0.18,22.99,73.50,212.17
-0.55,26.08,73.20,207.40
-2.53,23.75,76.13,210.37
-10.05,24.13,78.60,214.07
-11.45,24.52,80.30,214.70
-17.72,22.07,84.33,221.00
-14.94,20.66,85.07,220.33
-15.36,20.94,84.80,214.20
-16.35,22.09,85.67,213.23
-18.46,17.41,88.80,217.87
-13.86,17.54,90.50,218.50
-15.76,16.34,93.27,221.80
-17.16,14.01,95.03,222.60
-20.06,11.44,99.80,229.00
-20.69,12.08,100.03,228.97
-14.13, 9.43,99.33,223.00
-14.53, 2.91,101.60,224.70
-15.40, 4.08,102.00,223.47
-19.67, 2.48,106.57,230.43
-12.57, 6.47,104.20,221.00
-14.58,-3.28,109.17,229.00
-15.42, 4.96,109.60,226.53
-3.77, 5.94,110.80,225.70
-4.26, 7.98,110.67,222.73
 0.02, 6.28,114.27,227.23
 5.00,13.00,116.00,228.00
 5.41,13.20,115.13,226.90
14.52,17.60,109.60,217.40
 9.41,25.76,107.10,213.00
 8.97,24.26,107.93,215.27
10.29,29.70,107.17,214.33
 9.04,26.38,110.00,219.80
 8.37,26.49,109.00,218.43
 8.84,26.59,108.00,217.07
 9.32,22.11,107.00,215.70
10.46,23.76,104.67,211.67
10.90,24.02,103.73,210.43
 8.39,25.77,101.00,206.20
12.63,25.94,100.17,205.13
10.16,27.18,98.27,201.93
 7.85,27.28,97.50,201.00
 8.23,27.39,96.73,200.07
 8.61,27.49,95.97,199.13
 8.98,30.14,95.20,198.20
 9.36,33.68,94.43,197.27
 6.23,36.52,93.00,195.00
 4.18,41.67,92.90,195.40
 4.31,40.99,92.67,195.53
 4.74,45.33,91.83,194.47
 5.77,47.04,89.80,190.20
 5.94,47.27,89.50,191.00
-0.69,43.04,92.80,198.20
-0.67,47.85,92.40,197.90
 0.16,49.94,89.53,192.87
 0.58,49.97,88.77,191.93
 1.00,50.00,88.00,191.00
 1.16,50.06,87.87,191.20
 1.28,49.98,87.80,191.67
 2.32,51.77,85.90,188.40
 1.43,49.70,87.87,192.87
-3.32,49.62,87.83,193.33
-3.02,49.55,87.80,193.80
-3.49,47.94,89.30,197.33
-3.88,46.46,90.67,200.60
-3.52,46.52,90.50,200.80
-2.81,47.24,89.67,199.67
-1.86,48.84,88.33,196.80
-1.41,43.22,88.00,196.60
 4.01,46.89,84.27,189.60
 4.17,46.95,84.13,189.80
 4.58,47.77,83.50,188.50
 4.72,47.78,83.40,188.80
 4.86,47.80,83.30,189.10
 5.01,47.82,83.20,189.40
 5.15,47.83,83.10,189.70
 5.30,47.85,83.00,190.00
 5.74,48.46,82.30,189.10
 5.85,48.41,82.27,189.53
 6.73,49.89,80.70,186.90
 6.87,49.91,80.60,187.20
 7.01,49.92,80.50,187.50
 5.40,47.94,82.40,191.80
 0.57,47.95,82.30,192.10
 0.71,47.97,82.20,192.40
 0.86,47.98,82.10,192.70
 1.00,48.00,82.00,193.00
 1.18,48.05,81.57,192.93
 2.20,49.70,79.47,189.67
-2.79,55.19,79.20,190.00
-2.06,56.34,78.07,187.73
-1.79,56.14,77.83,188.17
-2.72,53.13,80.00,194.20
-2.39,53.05,79.67,194.40
-3.69,52.43,79.60,195.67
-3.57,52.27,79.30,196.00
-4.12,50.78,80.33,199.00
-3.96,50.70,79.97,199.20
-7.00,51.01,79.00,198.60
-6.59,45.44,78.50,198.40
-6.77,45.30,79.20,198.73
-8.96,45.69,78.50,198.00
-7.96,46.88,76.47,195.67
-8.85,40.58,78.20,202.13
-7.46,47.36,75.40,195.00
-8.29,41.04,77.03,200.80
-8.72,48.53,74.00,193.00
-6.56,44.85,73.50,192.80
-7.16,42.40,74.67,197.40
-7.58,47.96,72.80,194.53
-6.06,47.97,72.40,194.60
-5.46,49.64,71.17,191.33
-0.53,49.71,70.73,191.27
-0.15,49.78,70.30,191.20
 0.23,49.86,69.87,191.13
 0.62,49.93,69.43,191.07
 1.00,50.00,69.00,191.00
 1.21,50.00,68.73,190.70
 1.39,49.90,68.53,190.60
 1.14,42.59,69.20,194.00
 1.79,44.34,68.07,190.20
 1.98,44.30,67.83,190.00
-2.18,44.26,67.60,189.80
-1.92,43.76,67.60,190.53
-3.11,43.12,67.67,191.53
-2.94,48.36,67.50,191.60
-3.11,46.85,68.00,194.33
-3.29,46.01,68.53,195.73
-8.61,45.83,68.40,195.80
-8.59,43.03,68.53,196.40
-8.64,44.24,68.80,198.33
-7.90,40.80,67.50,194.00
-8.36,38.96,68.60,197.40
-8.08,39.12,68.20,196.80
-7.79,39.28,67.80,196.20
-8.45,36.91,69.30,200.67
-7.55,43.78,67.67,197.67
-6.93,45.27,66.60,194.40
-6.38,45.95,65.67,192.73
-6.01,46.51,65.10,191.33
-5.77,46.53,64.80,191.00
-5.37,46.88,64.17,190.00
-5.60,45.10,64.80,193.27
-0.59,50.35,64.60,193.20
-0.30,50.10,64.53,193.40
 0.59,51.98,63.30,189.33
 1.00,52.00,63.00,189.00
 1.02,51.97,63.00,188.97
 1.52,52.18,62.79,188.45
 1.77,52.27,62.69,188.17
 2.03,47.06,62.59,187.90
 2.29,47.16,62.48,187.62
 2.55,47.25,62.38,187.34
 3.16,52.70,61.55,184.41
 2.97,52.20,62.34,187.76
 7.29,53.85,61.45,184.34
 7.40,54.05,61.28,183.83
 7.32,53.69,61.48,184.45
 7.41,53.84,61.34,184.03
 7.28,53.10,61.66,185.41
 7.35,53.19,61.55,185.14
 7.43,53.27,61.45,184.86
 7.50,53.36,61.34,184.59
 6.78,51.44,62.83,188.31
 4.81,51.53,62.76,188.03
 4.38,49.94,64.03,191.10
 3.26,45.90,66.69,199.07
-0.51,47.30,66.72,199.17
-0.15,47.97,66.03,197.34
-0.20,47.54,66.17,197.72
 0.58,48.77,64.66,194.79
 0.56,53.05,64.72,195.03
 1.00,54.66,63.90,191.69
 0.96,49.07,64.00,192.07
 1.02,49.18,63.93,191.76
 1.00,49.00,64.00,192.00
