155.00,174.00,84.00,41.00
155.06,167.97,82.96,40.80
157.60,168.76,77.32,38.76
161.40,168.10,80.88,40.40
171.51,171.57,79.68,40.04
183.83,177.81,80.40,40.80
187.40,178.42,79.28,40.56
188.11,187.65,77.00,39.60
188.86,191.79,74.64,38.72
193.71,197.95,72.52,38.64
196.62,201.33,71.40,38.20
195.01,204.00,70.64,38.12
194.21,205.38,69.40,37.56
193.97,205.20,69.16,38.00
191.36,207.95,68.36,37.88
191.59,210.80,67.20,37.40
190.15,210.00,69.40,39.00
193.60,213.17,67.12,38.00
192.86,212.38,69.60,39.56
195.09,212.04,69.56,40.24
199.34,211.65,69.60,41.00
200.05,206.87,68.36,40.32
204.15,206.41,68.40,41.12
208.96,206.67,66.36,40.00
211.97,201.62,65.68,40.00
212.00,199.00,65.00,40.00
212.13,195.83,65.56,40.00
212.33,192.72,65.96,39.92
208.08,190.66,65.56,39.00
208.86,191.24,64.08,38.00
203.21,188.67,65.00,38.20
198.19,188.71,65.60,38.24
192.76,191.06,67.04,38.84
192.15,192.48,69.12,39.64
187.56,193.16,70.40,40.36
187.69,194.41,68.80,38.80
187.76,194.43,69.48,38.88
190.29,194.22,70.64,39.44
193.43,191.42,70.76,39.00
196.42,185.51,71.72,39.44
201.77,179.54,73.40,40.00
205.83,174.18,73.60,39.64
208.98,174.38,73.56,39.36
210.83,171.23,74.80,39.72
209.17,164.95,73.40,38.76
203.18,164.73,75.20,39.40
201.19,165.27,74.12,38.52
199.25,166.66,73.08,37.76
192.07,166.15,75.64,38.84
185.81,169.01,76.28,38.88
183.00,169.00,77.00,39.00
183.12,168.94,76.48,39.00
182.11,168.43,77.80,39.92
182.48,168.39,77.20,39.88
183.56,168.85,74.76,38.84
187.34,169.21,72.60,38.00
189.47,168.78,73.64,38.76
191.66,168.74,73.08,38.72
192.65,168.86,72.20,38.36
194.44,168.03,73.88,39.92
194.90,162.11,72.60,39.20
192.67,154.76,71.20,39.24
190.14,145.81,68.36,37.56
188.63,139.98,68.16,37.96
185.16,137.57,66.36,36.76
180.54,135.93,66.20,37.20
177.03,137.69,64.84,36.44
174.14,137.05,65.44,37.64
171.93,142.10,66.20,37.56
172.56,144.52,64.56,37.72
172.94,146.50,63.40,37.40
174.72,149.97,64.40,37.32
174.80,149.89,63.80,37.24
177.28,149.74,63.44,37.32
178.77,146.26,64.72,39.08
179.00,143.00,64.00,39.00
181.31,137.82,64.44,39.60
183.89,132.59,63.80,39.12
182.99,126.63,66.08,41.56
184.21,123.66,65.76,41.40
183.93,115.65,66.20,42.00
184.53,113.91,64.88,40.84
184.08,110.64,65.64,41.76
181.73,107.53,66.84,43.12
182.76,107.30,68.04,44.12
184.37,110.92,70.40,46.20
184.02,115.55,71.04,46.92
186.38,120.34,72.20,48.16
187.15,123.67,73.24,48.80
193.41,130.07,73.72,49.40
198.34,130.48,73.00,49.20
201.30,133.53,73.60,49.88
204.27,133.52,74.20,50.56
207.08,133.52,74.80,51.24
211.85,134.65,71.60,49.64
213.29,135.93,69.80,48.80
214.73,137.98,72.88,51.08
214.62,138.04,72.92,51.44
212.96,137.11,76.04,53.80
212.48,137.03,76.60,54.44
209.00,137.00,77.00,55.00
205.52,136.95,79.04,54.72
197.89,136.47,82.68,55.28
195.16,136.84,83.12,54.16
190.19,132.40,87.68,55.56
190.45,132.75,88.80,54.40
189.90,132.30,91.52,54.84
190.12,132.61,92.72,53.76
190.43,132.70,93.72,53.12
193.99,132.65,95.56,52.76
193.25,140.22,95.40,51.40
182.24,173.03,98.36,51.60
184.41,180.71,100.44,51.12
188.59,181.53,106.04,52.36
202.18,185.01,109.24,52.64
211.89,188.34,107.60,50.80
211.86,188.38,109.64,50.52
212.15,189.60,111.04,49.92
205.45,188.92,116.48,50.84
204.39,188.87,118.60,50.48
201.97,189.39,117.20,49.00
196.56,184.73,121.88,49.64
195.35,183.59,126.28,50.60
195.14,183.51,128.68,50.48
193.01,180.14,126.08,48.36
193.00,180.00,128.00,48.00
193.13,179.98,127.20,48.00
199.85,184.58,123.64,47.08
204.96,184.97,121.20,46.24
203.55,183.86,122.28,47.16
201.08,179.35,126.40,48.80
200.13,177.94,127.48,49.76
203.79,178.61,127.96,50.28
206.40,182.02,124.48,49.28
211.47,183.57,122.12,48.80
216.48,188.68,119.80,48.00
214.52,191.93,123.16,49.76
221.57,193.03,116.76,47.44
228.57,200.10,116.56,47.48
253.48,219.64,118.12,48.44
270.62,234.43,119.20,49.40
274.78,242.26,115.00,47.72
269.34,242.75,111.68,46.64
264.45,246.10,113.00,47.56
263.08,248.14,115.04,49.00
263.95,253.62,112.60,48.20
262.38,253.55,115.04,49.84
261.09,252.96,116.92,50.76
257.23,253.08,113.92,50.08
250.90,248.05,117.88,52.00
251.00,248.00,117.00,52.00
251.09,247.94,116.00,52.00
254.42,243.25,116.84,52.92
255.28,239.55,114.24,52.12
255.40,231.89,111.96,51.48
254.80,224.91,107.20,50.00
255.03,214.87,106.16,49.96
250.97,194.66,111.68,52.84
223.72,176.73,112.92,53.96
204.03,166.12,112.16,54.08
193.33,157.19,111.40,54.20
192.07,153.71,108.40,53.20
188.92,149.96,106.24,52.88
178.55,148.83,105.76,53.12
168.80,148.25,107.24,54.12
168.78,152.22,106.40,54.00
169.77,159.06,103.56,53.28
170.75,163.31,100.72,52.36
162.61,159.52,99.56,52.28
158.76,159.39,99.04,52.52
156.37,158.15,103.00,55.00
158.18,158.96,98.56,53.36
157.45,158.56,99.20,54.16
161.86,158.83,97.12,53.60
163.45,154.91,100.60,55.80
171.00,151.00,100.00,56.00
171.01,150.98,100.72,56.08
173.15,148.26,97.20,54.08
174.10,145.46,96.04,53.24
174.32,145.33,95.04,52.48
173.35,144.85,97.40,53.40
169.82,144.93,97.52,53.20
169.11,144.59,99.32,53.84
164.79,148.16,100.72,54.28
162.20,148.07,101.56,54.44
162.90,152.83,100.80,53.80
163.75,157.26,99.72,52.56
167.59,157.31,100.16,52.48
169.29,157.29,100.84,52.52
171.54,156.27,104.40,54.56
175.35,154.78,105.00,54.60
175.65,151.84,107.44,55.56
177.88,151.07,111.68,57.08
180.23,151.52,109.68,56.16
181.86,150.94,113.20,57.28
186.03,150.87,114.00,57.40
185.15,150.37,116.48,58.36
181.82,150.60,116.08,57.88
179.62,149.69,120.24,59.68
180.44,150.05,119.28,58.92
176.00,150.00,120.00,59.00
175.98,150.04,119.84,59.16
173.54,149.07,124.52,61.32
168.58,143.59,126.04,63.24
173.50,143.78,124.04,61.64
171.52,136.78,127.80,64.20
175.87,131.81,128.32,64.72
178.29,131.27,125.88,64.12
180.99,129.56,127.12,64.64
184.05,126.91,124.12,63.72
186.29,126.72,125.60,64.20
185.84,126.36,126.28,65.00
188.00,127.41,121.72,63.00
189.31,128.18,118.88,61.56
188.47,127.61,120.32,62.80
187.22,127.06,122.60,64.00
187.14,127.97,119.24,62.28
184.05,127.66,119.52,63.00
179.97,127.99,118.52,62.44
178.19,127.36,119.72,63.80
175.89,128.11,117.20,62.40
170.36,127.33,119.16,64.04
169.97,127.14,119.72,64.52
168.86,122.35,121.72,65.84
168.83,121.94,121.56,66.00
169.00,122.00,121.00,66.00
168.91,122.08,121.56,66.04
171.29,127.24,120.04,65.08
175.50,127.46,120.32,64.88
176.69,132.17,118.24,63.16
173.77,131.44,124.40,66.40
173.55,131.39,125.16,66.76
172.44,129.46,127.68,68.16
172.60,126.28,127.68,67.76
171.74,125.19,126.36,66.84
168.77,120.37,126.40,66.80
168.61,115.13,127.04,66.60
167.27,113.15,125.72,65.24
166.63,111.66,122.48,63.88
160.94,111.00,124.88,65.08
161.16,113.82,124.80,64.80
160.35,116.94,120.96,62.32
157.23,115.28,127.20,65.52
156.11,115.63,126.72,64.68
159.41,114.78,129.84,66.24
158.62,114.34,131.80,67.00
158.80,113.57,131.84,66.80
161.36,112.75,136.88,68.72
160.23,112.12,139.52,70.24
163.79,111.83,142.64,71.08
164.00,112.00,143.00,71.00
163.68,111.79,142.44,71.24
165.66,110.19,147.40,74.24
165.12,109.92,146.84,74.60
163.75,109.06,149.60,76.12
164.94,103.93,146.00,75.20
165.76,100.42,143.12,73.92
166.05,98.98,141.32,74.08
165.23,95.83,141.72,74.84
164.70,93.69,141.56,75.32
165.67,95.19,143.20,76.40
164.19,99.97,144.60,77.96
162.84,105.80,145.76,78.84
167.20,114.33,146.68,80.12
170.48,113.05,150.00,82.56
174.98,118.06,150.80,83.80
179.71,123.58,151.36,84.28
190.49,126.58,152.36,85.72
201.50,128.34,151.64,85.76
202.12,120.24,157.36,89.84
204.10,120.75,154.40,88.60
210.04,121.42,150.56,87.04
215.10,115.10,150.76,87.64
220.54,119.85,152.84,89.76
232.18,132.08,155.08,91.92
238.00,138.00,154.00,92.00
238.08,143.44,154.84,93.12
234.14,146.80,163.72,99.60
244.62,156.61,156.16,95.12
247.57,165.32,151.36,92.32
231.93,163.39,156.20,96.20
218.12,162.98,156.64,97.04
217.79,162.29,158.20,98.44
217.94,165.96,158.80,99.36
204.32,161.36,158.80,100.12
170.23,152.51,164.80,104.80
138.59,152.09,165.00,105.64
91.76,144.71,166.00,106.88
67.77,144.51,165.56,107.16
78.99,151.84,163.12,105.92
105.82,162.69,159.40,103.80
118.79,174.75,161.44,105.28
124.52,186.15,165.28,109.04
138.30,192.12,166.96,110.72
153.49,193.98,166.12,109.96
161.96,199.55,164.00,109.60
163.87,200.22,161.20,108.28
160.06,197.66,169.84,114.88
167.22,205.83,164.12,111.32
175.77,213.32,161.56,110.16
176.00,213.00,162.00,111.00
175.29,219.65,161.96,111.28
166.85,218.59,164.68,113.40
176.03,221.01,156.96,108.56
180.63,219.92,159.80,110.76
186.88,219.90,159.40,110.80
191.84,218.97,161.76,112.68
194.17,210.77,165.92,115.00
196.08,211.10,164.52,114.36
201.95,203.75,165.64,116.04
200.85,196.60,166.40,116.80
207.43,193.80,165.84,116.68
206.92,185.64,165.40,116.64
203.16,176.09,171.44,121.24
203.87,168.89,168.56,119.40
203.72,160.85,167.40,119.00
199.22,154.81,160.88,114.76
191.77,146.20,165.68,118.20
194.54,149.94,154.12,110.64
185.63,148.64,157.52,113.16
171.10,147.19,161.40,116.00
170.28,147.01,161.36,116.28
162.98,147.13,160.52,115.96
154.53,145.99,162.12,118.16
152.57,145.04,164.44,120.00
152.00,145.00,164.00,120.00
152.30,144.50,164.88,119.96
151.09,143.00,168.76,121.92
148.49,140.42,175.44,126.04
158.57,142.60,168.64,120.64
157.64,134.17,171.40,121.80
160.64,134.40,170.00,120.24
164.88,133.13,173.24,121.68
168.28,133.14,172.52,120.56
165.88,130.56,178.92,124.64
166.14,126.88,180.00,124.60
164.64,120.34,184.60,127.36
167.92,121.92,179.64,123.08
161.64,111.79,185.80,126.88
161.60,111.46,186.88,126.44
156.56,109.42,191.80,129.40
155.09,107.44,196.32,132.24
156.86,106.39,199.56,133.24
158.44,100.68,197.36,131.52
163.71,97.66,200.20,131.96
168.63,92.19,195.20,128.40
185.73,91.07,192.20,126.24
194.02,82.67,192.88,126.04
200.93,81.53,196.60,127.20
209.47,81.26,196.80,126.60
218.00,81.00,197.00,126.00
225.73,79.68,196.76,128.64
232.81,78.36,196.52,131.28
228.65,83.30,203.32,138.32
218.41,81.42,205.00,142.16
213.44,88.71,200.00,141.00
198.27,90.33,195.96,141.48
191.46,91.16,189.36,139.96
180.57,88.86,193.32,144.68
170.71,92.65,194.92,147.92
162.88,91.43,192.60,149.80
162.73,94.08,191.76,151.88
155.24,90.87,197.00,158.48
149.68,88.89,198.08,162.60
152.39,93.70,191.48,160.36
160.42,91.74,191.60,163.80
161.63,95.22,194.12,168.12
166.06,93.39,196.00,172.04
172.90,98.61,185.88,166.44
178.28,103.04,187.12,170.84
180.87,106.43,181.00,167.60
180.52,103.73,183.36,172.68
176.14,106.62,190.52,182.40
174.38,105.02,192.44,187.36
177.05,107.14,184.84,182.84
177.00,115.00,184.00,185.00
177.06,115.35,186.52,184.72
174.83,122.60,192.00,187.56
165.28,122.68,196.64,189.48
166.43,123.91,196.92,187.52
157.47,124.91,198.80,186.00
155.91,123.84,204.44,188.64
161.09,129.40,196.60,178.00
155.11,129.42,193.04,171.96
157.82,131.98,190.00,166.52
170.01,120.98,185.60,161.00
168.05,109.02,192.08,164.92
165.24,97.79,200.24,169.56
175.76,89.76,200.16,167.36
176.39,90.11,201.56,166.72
180.65,90.49,202.80,166.00
178.95,89.41,208.16,168.20
177.67,89.19,211.20,168.68
179.38,90.78,209.92,165.56
178.20,99.52,214.40,166.76
182.07,102.43,208.80,161.00
179.29,102.13,213.60,161.68
167.89,109.10,222.72,166.52
171.48,112.77,216.24,159.28
160.92,111.61,222.12,161.68
161.00,112.00,224.00,161.00
161.96,112.12,221.96,160.52
158.60,123.46,211.64,154.52
157.55,122.73,214.36,156.92
154.39,128.67,218.72,161.12
153.54,126.87,220.40,163.60
155.14,126.99,217.16,162.24
158.63,126.91,214.52,161.28
160.88,127.31,210.60,159.36
174.23,131.45,196.28,149.96
177.33,130.88,196.00,150.00
180.83,135.48,189.48,146.20
180.92,139.73,189.76,146.96
181.27,142.42,189.52,147.88
183.91,143.46,184.72,145.12
184.50,142.67,184.00,146.00
188.82,145.28,175.84,140.08
187.06,146.72,170.28,136.52
189.68,147.81,164.96,133.64
185.09,144.34,159.40,129.84
183.26,141.35,163.20,134.60
184.85,147.20,160.16,133.28
188.00,149.02,154.00,128.96
183.39,149.35,151.00,127.64
184.43,149.61,148.16,126.44
186.00,150.00,145.00,125.00
185.94,150.28,144.12,124.71
184.58,142.57,145.83,127.00
193.77,144.50,139.50,122.12
192.40,138.20,141.17,123.50
193.28,137.42,140.21,123.12
198.45,132.59,139.25,122.75
201.38,132.49,135.58,120.08
205.87,128.35,134.67,119.67
208.79,127.64,131.88,117.38
207.90,127.00,132.83,118.83
210.45,123.44,126.92,113.88
206.44,122.49,128.50,116.00
204.08,123.58,126.00,114.04
201.52,124.50,123.83,112.42
198.39,124.25,124.00,113.12
195.49,125.26,121.67,111.33
194.78,125.93,120.00,110.21
193.05,131.99,119.00,109.75
188.84,132.29,118.00,109.29
184.68,136.42,120.67,112.50
184.89,136.77,119.50,111.88
185.05,142.29,118.42,111.33
186.05,143.65,115.67,109.17
186.00,144.00,115.00,109.00
