257.00,48.00,94.00,248.00
257.42,48.05,93.56,247.68
257.24,48.10,93.12,247.36
258.24,50.35,90.92,242.64
258.32,50.30,90.56,242.52
253.82,50.26,90.20,242.40
254.37,50.81,89.36,241.08
254.72,50.86,88.92,240.76
255.06,50.91,88.48,240.44
255.41,50.96,88.04,240.12
255.76,51.01,87.60,239.80
256.67,52.46,86.04,236.68
257.24,53.45,85.16,234.48
258.01,54.53,83.88,232.12
258.26,54.30,83.64,232.36
258.11,53.07,84.20,234.60
258.22,52.22,84.24,236.08
258.53,52.17,83.88,235.96
258.84,52.12,83.52,235.84
258.91,51.47,83.64,236.92
260.05,53.52,81.60,232.60
260.44,53.67,81.08,232.08
260.71,53.53,80.80,232.16
260.22,58.73,82.04,236.04
260.65,58.97,81.44,235.32
261.00,59.00,81.00,235.00
260.44,59.05,82.12,234.88
259.81,58.90,83.40,235.16
259.03,58.61,84.96,235.72
258.62,58.81,85.80,235.32
258.02,66.21,87.00,235.40
257.66,66.79,87.72,234.28
257.83,68.67,87.40,230.56
260.10,70.01,87.92,227.92
260.76,72.79,87.24,222.40
259.70,70.31,90.00,227.40
259.32,70.00,91.40,228.04
259.20,70.74,92.28,226.60
259.32,75.04,92.68,224.80
259.52,80.30,92.92,222.60
259.80,81.36,93.00,220.60
258.70,79.29,95.84,224.84
258.40,79.22,97.08,225.08
260.81,82.58,96.88,222.44
260.38,82.79,97.80,221.56
260.82,83.05,97.00,217.80
260.09,82.66,98.52,218.68
259.51,82.43,99.76,219.24
259.01,75.44,100.84,219.16
257.54,73.02,103.84,222.92
257.00,73.00,105.00,223.00
257.37,72.56,104.12,223.48
256.81,70.29,105.08,227.64
257.16,62.74,104.24,228.56
258.22,63.88,101.96,226.52
258.53,63.56,101.20,227.40
258.84,63.23,100.44,228.28
257.28,58.27,103.40,238.44
256.61,47.54,104.60,244.36
257.29,48.11,103.08,243.48
256.76,46.68,104.00,246.60
257.19,46.53,103.00,247.16
252.12,42.48,105.64,255.52
252.38,42.63,104.36,255.48
252.64,46.44,103.08,255.44
250.51,48.76,100.00,250.40
251.10,52.72,98.72,251.76
251.59,52.64,97.64,252.12
252.08,52.56,96.56,252.48
252.80,53.08,95.00,251.64
254.45,56.90,91.60,244.20
254.96,56.92,90.48,244.36
255.65,57.18,89.00,244.04
256.10,57.12,88.00,244.36
256.55,57.06,87.00,244.68
257.00,57.00,86.00,245.00
256.97,57.10,85.80,244.88
256.95,57.20,85.60,244.76
257.04,57.61,85.16,244.04
257.14,58.13,84.72,243.08
257.17,59.86,84.40,242.60
257.09,59.95,84.32,243.08
256.82,59.74,84.60,244.16
256.12,56.07,85.76,247.44
255.77,55.37,86.20,248.92
255.75,55.47,86.00,248.80
255.72,55.56,85.80,248.68
255.70,58.34,85.60,248.56
255.67,58.66,85.40,248.44
255.65,58.98,85.20,248.32
255.42,61.36,85.40,250.20
255.60,62.37,84.80,248.08
255.57,62.39,84.60,247.96
256.27,64.20,82.96,244.24
250.68,64.32,82.68,243.92
249.10,64.93,82.00,242.60
251.12,67.04,80.12,238.28
249.94,67.16,79.84,237.96
249.12,65.17,81.24,241.84
249.06,65.09,81.12,241.92
249.00,65.00,81.00,242.00
249.05,65.12,80.84,241.96
249.10,65.24,80.68,241.92
248.27,63.16,82.28,246.28
247.94,61.28,82.88,250.24
248.45,63.60,81.80,245.80
249.30,65.72,80.04,241.76
247.32,65.84,79.88,241.72
241.91,65.16,80.04,243.28
241.94,65.18,79.92,243.44
241.98,65.20,79.80,243.60
241.01,62.72,81.68,248.76
240.81,61.54,82.04,251.32
240.58,60.26,82.44,254.08
240.06,58.88,83.44,257.04
239.65,57.80,84.20,259.40
239.05,56.22,85.36,262.76
238.72,55.34,85.96,264.72
238.76,55.36,85.84,264.88
239.55,57.28,84.20,261.24
239.63,57.40,84.00,261.20
239.62,57.12,83.96,261.96
239.78,57.64,83.60,261.12
239.85,57.76,83.40,261.08
239.93,57.88,83.20,261.04
240.00,58.00,83.00,261.00
240.14,57.84,83.20,260.80
240.28,57.68,83.40,260.60
240.47,57.82,83.48,259.80
240.63,57.76,83.64,259.40
239.99,55.70,85.40,263.00
240.19,55.74,85.48,262.40
240.97,56.88,84.40,259.60
240.79,55.92,85.24,261.00
239.88,53.16,87.52,266.00
247.28,51.90,88.60,268.00
247.34,51.54,88.96,268.20
247.92,48.55,88.28,265.80
247.91,48.03,88.80,266.92
248.41,49.33,88.28,264.40
248.99,50.57,87.60,262.00
248.30,48.62,89.48,266.00
250.85,48.66,89.76,266.00
256.24,48.70,90.04,266.00
256.59,49.34,89.84,264.80
255.86,47.29,91.80,269.00
255.89,47.13,92.24,269.40
255.91,46.97,92.68,269.80
256.86,49.11,91.28,265.60
256.89,48.96,91.72,266.00
257.00,49.00,92.00,266.00
256.87,48.82,92.24,266.08
256.73,49.28,92.48,266.16
257.48,51.62,90.96,261.84
257.30,51.66,91.28,262.12
257.13,51.70,91.60,262.40
256.20,49.84,93.44,266.48
256.06,49.98,93.68,266.56
255.93,50.12,93.92,266.64
255.80,50.26,94.16,266.72
252.50,50.40,94.40,266.80
252.61,51.94,93.52,264.08
252.59,53.18,92.88,261.96
248.44,53.32,93.12,262.04
248.29,53.46,93.36,262.12
243.43,53.60,93.60,262.20
242.70,53.04,94.40,263.68
242.32,53.78,94.48,262.56
241.62,52.92,95.20,264.64
240.85,52.26,96.08,266.32
238.81,52.30,96.40,266.60
239.46,54.44,95.04,262.68
232.39,54.58,95.28,262.76
232.84,57.02,93.68,258.24
231.50,55.27,95.68,262.72
231.00,55.00,96.00,263.00
231.40,55.10,95.24,262.88
231.71,55.00,94.64,263.16
231.17,55.00,93.96,263.24
231.22,55.00,93.28,263.32
224.98,55.00,92.60,263.40
225.35,55.00,91.92,263.48
225.72,55.00,91.24,263.56
224.37,56.70,89.20,260.24
225.04,58.20,87.32,257.32
225.03,58.00,86.80,257.80
225.58,59.20,85.16,255.48
225.53,58.90,84.72,256.16
220.86,58.60,84.28,256.84
221.03,58.30,83.84,257.52
221.21,58.00,83.40,258.20
221.39,57.70,82.96,258.88
221.57,57.40,82.52,259.56
221.75,57.10,82.08,260.24
221.93,56.80,81.64,260.92
221.91,56.00,81.60,262.60
222.13,55.80,81.08,263.08
222.34,55.60,80.56,263.56
222.56,55.40,80.04,264.04
222.78,55.20,79.52,264.52
223.00,55.00,79.00,265.00
222.80,54.74,79.12,265.20
222.59,54.48,79.24,265.40
222.39,54.22,79.36,265.60
223.40,53.96,79.48,265.80
223.70,54.20,79.20,265.00
222.04,54.04,79.24,265.00
222.60,55.68,77.84,261.40
222.40,55.42,77.96,261.60
222.20,55.16,78.08,261.80
222.00,54.90,78.20,262.00
221.80,54.64,78.32,262.20
221.60,54.38,78.44,262.40
221.40,54.12,78.56,262.60
221.20,53.86,78.68,262.80
221.00,53.60,78.80,263.00
221.44,54.94,77.64,260.00
221.28,54.78,77.68,260.00
221.12,54.62,77.72,260.00
220.96,54.46,77.76,260.00
220.80,54.30,77.80,260.00
219.80,52.04,79.52,264.20
219.60,51.78,79.64,264.40
219.40,51.52,79.76,264.60
219.20,50.96,79.88,264.80
219.00,51.00,80.00,265.00
218.87,51.12,80.20,264.76
218.75,51.24,80.40,264.52
218.62,51.36,80.60,264.28
218.49,51.47,80.80,264.04
218.36,51.59,81.00,263.80
218.24,51.71,81.20,263.56
218.83,53.63,79.96,259.72
218.66,53.65,80.24,259.68
219.04,55.47,79.44,256.04
218.53,51.70,80.40,257.60
221.46,50.42,81.08,259.56
221.60,46.28,81.36,259.52
221.25,45.10,82.60,261.88
225.01,46.62,82.24,258.84
224.51,48.87,83.20,260.40
223.94,43.44,84.28,265.12
224.03,44.74,84.04,262.52
223.22,43.16,85.60,265.68
227.40,39.10,88.84,273.80
229.82,41.40,87.60,269.20
230.50,43.52,86.20,264.96
230.37,43.64,86.40,264.72
230.25,43.76,86.60,264.48
230.12,43.88,86.80,264.24
230.00,44.00,87.00,264.00
229.90,43.94,87.20,263.84
230.71,46.18,85.56,259.08
230.57,46.02,85.84,259.12
230.43,45.86,86.12,259.16
230.83,43.20,88.40,264.20
236.83,43.04,88.68,264.24
236.69,42.88,88.96,264.28
235.87,41.02,90.60,267.72
235.77,40.96,90.80,267.56
238.80,40.90,91.00,267.40
243.35,40.84,91.20,267.24
243.25,40.78,91.40,267.08
243.16,40.72,91.60,266.92
243.06,40.66,91.80,266.76
242.56,39.40,92.80,269.00
242.51,39.46,92.92,268.60
242.45,39.52,93.04,268.20
242.40,39.58,93.16,267.80
242.34,39.64,93.28,267.40
242.28,39.70,93.40,267.00
242.39,40.24,93.20,265.64
242.29,40.18,93.40,265.48
242.19,40.12,93.60,265.32
242.10,40.06,93.80,265.16
242.00,40.00,94.00,265.00
242.20,40.04,93.76,265.16
242.40,40.08,93.52,265.32
242.60,40.12,93.28,265.48
242.80,40.16,93.04,265.64
243.00,40.20,92.80,265.80
243.20,40.24,92.56,265.96
237.75,40.28,92.32,266.12
235.79,40.32,92.08,266.28
236.18,41.26,91.48,264.64
236.40,41.40,91.20,264.60
236.62,41.54,90.92,264.56
229.09,41.68,90.64,264.52
229.32,41.82,90.36,264.48
229.55,41.96,90.08,264.44
227.68,44.60,87.80,259.40
223.36,44.74,87.52,259.36
223.60,44.88,87.24,259.32
224.12,45.72,86.40,257.88
225.19,48.26,84.44,253.04
223.89,48.30,84.20,253.20
217.27,46.24,85.64,257.56
217.46,46.18,85.48,257.92
217.64,46.12,85.32,258.28
217.82,46.06,85.16,258.64
218.00,46.00,85.00,259.00
217.92,46.00,85.00,258.92
217.84,46.00,85.00,258.84
217.76,46.00,85.00,258.76
217.68,46.00,85.00,258.68
217.60,46.00,85.00,258.60
217.52,46.00,85.00,258.52
217.44,46.00,85.00,258.44
217.36,46.00,85.00,258.36
217.28,46.00,85.00,258.28
217.20,46.00,85.00,258.20
217.12,46.00,85.00,258.12
217.52,47.20,84.04,255.64
217.48,47.30,83.96,255.36
217.44,47.40,83.88,255.08
216.80,46.00,85.00,257.80
216.72,46.00,85.00,257.72
216.64,46.00,85.00,257.64
216.56,46.00,85.00,257.56
216.48,46.00,85.00,257.48
216.40,46.00,85.00,257.40
216.32,46.00,85.00,257.32
216.24,46.00,85.00,257.24
216.16,46.00,85.00,257.16
216.08,46.00,85.00,257.08
216.00,46.00,85.00,257.00
216.10,45.98,84.84,257.00
216.20,45.96,84.68,257.00
216.30,45.94,84.52,257.00
215.56,43.82,86.04,261.20
215.71,43.90,85.80,261.00
215.97,44.58,85.32,259.60
216.85,46.56,83.60,255.60
216.97,46.64,83.40,255.40
217.09,46.72,83.20,255.20
217.01,45.80,83.40,257.00
217.11,45.78,83.24,257.00
217.21,45.76,83.08,257.00
217.31,45.74,82.92,257.00
217.41,45.72,82.76,257.00
217.52,45.70,82.60,257.00
217.62,45.68,82.44,257.00
217.72,45.66,82.28,257.00
217.82,45.64,82.12,257.00
217.92,45.62,81.96,257.00
224.00,45.60,81.80,257.00
224.77,43.48,83.32,261.20
224.83,43.36,83.24,261.40
224.81,43.04,83.32,262.00
224.90,43.02,83.16,262.00
225.00,43.00,83.00,262.00
224.64,43.00,83.68,261.88
224.28,43.00,84.36,261.76
223.92,43.00,85.04,261.64
223.56,43.00,85.72,261.52
223.01,42.50,86.80,262.40
222.61,42.40,87.56,262.48
222.21,42.30,88.32,262.56
221.81,42.20,89.08,262.64
221.41,42.10,89.84,262.72
221.01,42.00,90.60,262.80
220.61,41.90,91.36,262.88
220.21,41.80,92.12,262.96
219.81,41.70,92.88,263.04
219.42,41.60,93.64,263.12
227.79,44.00,92.40,258.20
227.05,43.00,93.88,260.08
226.71,43.00,94.56,259.96
226.37,43.00,95.24,259.84
226.03,43.00,95.92,259.72
225.69,43.00,96.60,259.60
225.36,43.00,97.28,259.48
225.02,43.00,97.96,259.36
224.68,43.00,98.64,259.24
224.34,43.00,99.32,259.12
224.00,43.00,100.00,259.00
223.82,43.20,100.80,258.64
223.64,43.40,101.60,258.28
223.46,43.60,102.40,257.92
223.04,43.40,103.68,258.36
222.80,43.50,104.60,258.20
222.56,43.60,105.52,258.04
223.04,45.50,105.00,254.28
222.76,45.50,106.00,254.32
222.48,45.50,107.00,254.36
221.80,44.50,108.80,256.40
221.48,44.40,109.88,256.64
220.12,41.70,113.04,262.08
219.88,41.80,113.96,261.92
220.08,43.00,114.00,259.56
219.80,43.00,115.00,259.60
219.52,43.00,116.00,259.64
218.92,42.20,117.64,261.28
218.68,42.30,118.56,261.12
218.44,42.40,119.48,260.96
218.20,42.50,120.40,260.80
217.96,42.60,121.32,260.64
217.72,42.70,122.24,260.48
217.48,42.80,123.16,260.32
217.24,42.90,124.08,260.16
217.00,43.00,125.00,260.00
217.52,42.28,124.24,260.92
218.04,41.56,123.48,261.84
218.68,41.20,122.48,262.04
219.24,40.60,121.64,262.72
221.00,43.10,118.40,257.20
222.74,44.52,115.20,253.84
221.48,40.34,118.00,261.68
221.76,39.06,117.72,263.72
223.12,40.48,115.28,260.36
223.80,40.20,114.20,260.40
224.48,39.92,113.12,260.44
225.16,39.64,112.04,260.48
225.84,39.36,110.96,260.52
226.52,39.08,109.88,260.56
227.20,38.80,108.80,260.60
227.88,38.52,107.72,260.64
228.56,38.24,106.64,260.68
229.24,37.96,105.56,260.72
229.92,37.68,104.48,260.76
230.60,37.40,103.40,260.80
231.28,35.77,102.32,260.84
232.08,36.88,101.00,260.28
232.72,36.59,100.00,260.52
233.36,36.29,99.00,260.76
234.00,36.00,98.00,261.00
234.17,36.03,98.04,261.12
234.42,36.27,97.92,260.83
234.75,36.71,97.62,260.12
235.84,39.03,95.83,255.67
236.84,47.26,94.21,251.62
236.50,45.72,95.25,254.25
235.46,44.72,97.71,260.42
235.67,44.86,97.67,260.33
236.51,46.57,96.38,257.12
236.67,46.60,96.42,257.25
236.92,46.85,96.29,256.96
237.01,50.24,96.50,258.00
237.24,50.67,96.42,256.71
237.22,49.85,96.83,257.92
233.44,57.47,94.75,252.25
232.33,54.71,96.67,258.00
232.88,56.54,95.29,254.58
233.50,58.57,93.75,250.75
233.42,60.46,93.62,250.46
233.00,59.56,94.17,251.83
231.25,55.33,97.38,259.88
232.08,64.76,95.42,255.00
233.04,67.63,93.21,249.50
233.00,68.00,93.00,249.00
