41.00,38.00,20.00,23.00
38.85,39.01,19.90,23.03
37.87,37.85,19.80,23.07
37.83,36.69,19.70,23.10
38.00,35.54,19.60,23.13
42.62,33.37,19.50,23.17
42.48,33.51,19.40,23.20
41.43,34.53,19.30,23.23
40.38,35.52,19.20,23.27
40.71,34.39,19.10,23.30
42.64,34.32,19.00,23.33
45.42,34.25,18.90,23.37
45.47,33.13,18.80,23.40
45.53,33.50,18.70,23.43
43.37,35.97,18.60,23.47
41.06,39.33,18.50,23.50
46.73,39.27,18.40,23.53
43.52,40.85,18.30,23.57
45.07,43.43,18.20,23.60
45.15,43.35,18.10,23.63
44.55,44.99,18.00,23.67
44.59,40.88,17.90,23.70
41.29,38.57,17.80,23.73
42.36,36.12,17.70,23.77
38.06,32.95,17.60,23.80
39.14,26.22,17.50,23.83
43.52,22.70,17.40,23.87
42.33,19.48,17.30,23.90
46.67,14.10,17.20,23.93
46.67,12.07,17.10,23.97
49.00,11.00,17.00,24.00
50.05,13.09,16.93,23.87
52.40,14.16,16.87,23.73
54.47,14.22,16.80,23.60
52.43,17.51,16.73,23.47
51.48,16.54,16.67,23.33
49.22,16.76,16.60,23.20
47.50,15.46,16.53,23.07
47.34,13.81,16.47,22.93
45.64,11.52,16.40,22.80
43.24, 9.89,16.33,22.67
42.66,10.01,16.27,22.53
43.95, 9.77,16.20,22.40
46.18,12.96,16.13,22.27
46.93,15.59,16.07,22.13
45.06,16.87,16.00,22.00
42.16,18.96,15.93,21.87
39.59,19.99,15.87,21.73
39.61,22.17,15.80,21.60
38.71,26.76,15.73,21.47
37.66,30.79,15.67,21.33
36.31,35.93,15.60,21.20
30.46,40.53,15.53,21.07
28.27,43.55,15.47,20.93
25.13,44.31,15.40,20.80
20.60,45.12,15.33,20.67
19.76,43.52,15.27,20.53
17.20,41.61,15.20,20.40
15.23,37.97,15.13,20.27
17.04,38.04,15.07,20.13
18.00,39.00,15.00,20.00
19.83,39.04,14.90,20.00
24.53,39.02,14.80,20.00
24.58,39.91,14.70,20.00
25.53,39.15,14.60,20.00
26.49,38.31,14.50,20.00
26.40,38.35,14.40,20.00
28.34,37.48,14.30,20.00
26.51,38.38,14.20,20.00
28.18,36.64,14.10,20.00
30.71,33.63,14.00,20.00
31.62,32.65,13.90,20.00
31.43,30.21,13.80,20.00
33.20,28.48,13.70,20.00
34.60,29.36,13.60,20.00
36.93,29.84,13.50,20.00
36.16,30.69,13.40,20.00
37.07,31.15,13.30,20.00
35.47,32.13,13.20,20.00
35.42,34.35,13.10,20.00
35.78,36.13,13.00,20.00
40.00,37.65,12.90,20.00
41.52,37.10,12.80,20.00
38.33,35.26,12.70,20.00
34.78,33.86,12.60,20.00
31.55,30.58,12.50,20.00
31.60,29.51,12.40,20.00
32.09,28.06,12.30,20.00
32.49,27.11,12.20,20.00
32.54,26.39,12.10,20.00
30.00,28.00,12.00,20.00
30.97,26.44,12.00,19.97
34.32,25.67,12.00,19.93
38.26,24.99,12.00,19.90
40.81,23.35,12.00,19.87
37.41,23.38,12.00,19.83
36.75,21.63,12.00,19.80
38.35,17.17,12.00,19.77
38.54,16.60,12.00,19.73
41.10,17.33,12.00,19.70
44.20,20.69,12.00,19.67
49.23,24.34,12.00,19.63
51.95,29.11,12.00,19.60
52.29,30.87,12.00,19.57
46.29,30.34,12.00,19.53
40.02,28.20,12.00,19.50
39.23,21.50,12.00,19.47
38.34,19.73,12.00,19.43
37.76,20.99,12.00,19.40
41.07,23.37,12.00,19.37
43.85,29.25,12.00,19.33
47.50,35.42,12.00,19.30
50.04,41.55,12.00,19.27
50.80,43.68,12.00,19.23
49.02,47.27,12.00,19.20
42.36,48.26,12.00,19.17
40.81,47.50,12.00,19.13
40.21,47.43,12.00,19.10
43.45,45.96,12.00,19.07
42.46,45.98,12.00,19.03
45.00,46.00,12.00,19.00
45.00,45.21,12.00,19.03
41.13,45.94,12.00,19.07
40.37,41.88,12.00,19.10
36.10,40.98,12.00,19.13
31.81,38.40,12.00,19.17
28.50,35.35,12.00,19.20
29.46,34.40,12.00,19.23
30.88,34.18,12.00,19.27
31.96,37.25,12.00,19.30
33.70,38.96,12.00,19.33
32.64,43.61,12.00,19.37
32.64,45.73,12.00,19.40
32.20,46.50,12.00,19.43
31.74,47.26,12.00,19.47
29.88,46.45,12.00,19.50
31.08,43.87,12.00,19.53
27.75,43.84,12.00,19.57
31.44,41.33,12.00,19.60
36.71,40.51,12.00,19.63
40.06,42.26,12.00,19.67
42.61,42.46,12.00,19.70
42.39,44.51,12.00,19.73
42.41,45.71,12.00,19.77
45.63,47.08,12.00,19.80
48.38,47.05,12.00,19.83
51.76,47.71,12.00,19.87
52.77,46.21,12.00,19.90
54.38,42.75,12.00,19.93
54.40,39.38,12.00,19.97
57.00,36.00,12.00,20.00
61.34,32.58,12.07,20.07
62.05,33.33,12.13,20.13
62.88,30.67,12.20,20.20
64.39,28.31,12.27,20.27
66.32,29.10,12.33,20.33
69.42,32.27,12.40,20.40
71.22,34.83,12.47,20.47
71.79,38.97,12.53,20.53
69.48,41.26,12.60,20.60
65.41,43.91,12.67,20.67
64.57,45.85,12.73,20.73
62.20,48.27,12.80,20.80
59.48,51.28,12.87,20.87
57.17,52.87,12.93,20.93
55.88,54.58,13.00,21.00
57.08,52.92,13.07,21.07
57.54,51.04,13.13,21.13
55.60,51.49,13.20,21.20
55.01,49.72,13.27,21.27
53.83,48.47,13.33,21.33
52.94,47.57,13.40,21.40
54.43,44.72,13.47,21.47
55.53,43.63,13.53,21.53
53.54,45.52,13.60,21.60
53.60,47.06,13.67,21.67
55.20,47.12,13.73,21.73
54.29,47.85,13.80,21.80
55.15,44.03,13.87,21.87
54.24,41.94,13.93,21.93
56.00,41.00,14.00,22.00
56.40,39.14,14.03,22.17
57.26,37.15,14.07,22.27
53.37,33.22,14.10,22.50
46.75,32.06,14.13,22.67
48.39,28.21,14.17,22.67
50.36,27.13,14.20,23.00
52.22,28.90,14.23,23.17
59.52,33.43,14.27,23.33
63.72,39.87,14.30,23.50
65.70,42.74,14.33,23.67
63.79,46.29,14.37,23.83
59.20,46.20,14.40,24.00
55.59,47.06,14.43,24.17
51.53,46.97,14.47,24.33
52.46,45.49,14.50,24.50
54.45,46.59,14.53,24.67
54.81,45.47,14.57,24.83
53.19,45.40,14.60,25.00
54.13,42.98,14.63,25.17
57.56,40.60,14.67,25.33
55.38,41.55,14.70,25.50
54.28,40.78,14.73,25.67
55.98,42.11,14.77,25.83
55.33,41.04,14.80,26.00
54.74,40.81,14.83,26.17
52.37,38.54,14.87,26.33
51.35,37.15,14.90,26.50
49.11,35.08,14.93,26.67
49.02,35.02,14.97,26.83
49.00,37.00,15.00,27.00
52.18,39.29,15.10,26.97
57.41,42.54,15.20,26.93
58.76,45.68,15.30,27.80
60.75,49.12,15.40,26.87
60.69,49.12,15.50,26.83
57.33,49.12,15.60,26.80
51.85,48.34,15.70,26.77
48.41,46.31,15.80,26.73
47.28,44.26,15.90,26.70
45.02,44.28,16.00,26.67
48.31,43.26,16.10,26.63
47.02,42.24,16.20,26.60
46.94,42.26,16.30,26.57
51.32,41.76,16.40,26.53
51.75,42.80,16.50,26.50
54.02,43.84,16.60,26.47
53.48,44.45,16.70,26.43
53.41,44.48,16.80,26.40
52.28,45.74,16.90,26.37
54.95,46.84,17.00,26.33
59.40,48.56,17.10,26.30
60.65,52.83,17.20,26.27
60.33,56.13,17.30,26.23
57.03,55.95,17.40,26.20
59.09,49.01,17.50,26.17
55.47,47.72,17.60,26.13
54.28,44.20,17.70,26.10
53.01,40.66,17.80,26.07
47.20,41.68,17.90,26.03
43.00,36.00,18.00,26.00
36.17,35.91,18.07,26.10
39.69,33.61,18.13,26.20
42.13,33.52,18.20,26.30
42.05,34.53,18.40,26.40
44.48,35.35,18.50,26.50
39.93,36.80,18.60,26.60
39.91,36.70,18.70,26.70
40.92,36.61,18.53,26.80
41.26,37.64,18.60,26.90
44.56,38.78,18.67,27.00
46.83,40.54,18.73,27.10
46.83,46.41,18.80,27.20
43.57,51.18,19.30,27.30
38.52,53.56,19.40,27.40
31.99,52.33,19.00,27.50
30.56,49.81,19.07,27.60
27.67,48.00,19.70,28.27
22.56,43.73,20.40,28.40
17.78,39.67,20.53,29.17
17.37,37.00,20.67,29.33
20.49,34.40,20.80,29.50
21.72,33.98,20.93,29.67
23.27,33.88,21.07,29.83
23.26,34.19,21.20,29.20
23.84,32.15,20.50,28.50
25.01,29.17,20.60,29.47
28.36,27.39,21.60,29.60
28.32,25.55,21.73,30.67
28.29,25.43,21.87,30.83
24.00,24.00,22.00,31.00
21.67,23.95,22.03,31.03
24.59,23.94,22.00,31.00
30.24,25.24,22.00,31.00
34.28,26.57,22.00,31.00
36.83,26.48,22.17,31.17
38.10,27.84,22.20,31.20
37.77,28.60,22.47,31.70
39.25,28.78,22.27,31.27
40.52,28.72,22.30,31.30
43.47,27.33,22.33,31.33
46.09,26.86,22.37,31.37
47.53,26.82,22.40,31.40
48.84,28.31,22.43,31.43
51.60,29.37,22.93,31.93
53.59,30.88,23.00,33.00
54.04,32.39,23.53,33.53
54.42,33.08,24.00,33.43
56.82,32.72,23.60,33.00
55.41,32.94,23.63,33.63
55.37,30.98,24.67,34.67
56.35,30.94,24.70,34.70
57.81,32.00,24.73,35.47
59.62,30.85,24.77,34.77
59.97,31.21,24.00,34.00
62.00,28.51,25.67,36.50
62.28,27.24,25.00,35.87
60.23,25.19,26.00,36.90
58.50,21.72,26.00,36.93
58.07,21.06,26.97,37.97
58.00,21.00,27.00,38.00
56.31,22.67,27.13,37.97
55.26,23.36,29.20,39.87
53.44,25.65,29.30,39.80
51.28,29.51,29.40,39.73
47.88,31.34,28.67,39.67
43.99,33.12,29.60,39.60
45.61,31.49,28.93,39.53
44.24,31.56,29.07,39.47
49.01,28.44,29.50,39.00
50.70,26.09,30.67,40.00
53.75,23.11,30.20,40.37
53.30,19.03,31.00,41.00
52.67,14.70,32.17,41.57
52.54,10.35,32.33,42.07
52.66, 8.59,32.00,42.00
56.32, 6.56,32.60,42.40
54.36, 9.37,32.70,42.30
52.20,14.31,32.80,42.20
52.32,17.12,32.53,41.73
49.36,22.33,34.00,42.33
52.44,26.94,34.50,42.60
52.75,30.81,34.93,42.80
48.82,34.46,34.83,43.23
46.33,34.14,35.80,44.00
43.73,34.59,35.83,43.83
44.02,32.60,35.20,43.00
43.39,31.84,36.40,44.00
43.25,29.90,36.60,44.00
43.10,29.94,36.83,44.03
45.00,28.00,37.00,44.00
46.98,25.76,37.03,44.30
47.11,25.53,37.07,44.60
46.48,24.84,38.00,45.80
46.97,27.02,37.00,45.07
47.29,27.11,36.33,44.67
46.85,28.50,37.20,45.80
44.83,31.15,36.47,44.57
44.90,30.03,37.53,46.67
46.06,31.25,38.30,48.40
48.56,32.95,38.00,47.67
49.72,32.50,38.37,48.30
48.60,30.85,38.00,48.80
46.46,28.79,38.00,48.47
43.23,26.13,38.00,49.27
44.06,23.50,38.50,50.00
43.29,22.52,40.07,51.80
43.34,23.31,40.00,51.97
45.36,23.86,40.60,53.40
46.49,25.07,40.00,52.43
45.20,25.89,41.00,53.67
44.38,26.56,39.30,52.20
43.76,26.97,39.27,52.40
46.12,26.35,40.00,53.37
46.36,26.29,39.60,53.20
43.97,25.58,40.50,54.33
43.59,24.99,40.60,54.67
39.61,25.60,39.00,53.30
40.07,23.69,38.13,52.67
39.72,25.17,39.03,53.80
42.00,25.00,39.00,54.00
39.73,27.46,39.00,53.93
39.18,29.56,39.87,54.73
34.52,32.55,38.80,53.60
32.39,34.60,39.00,53.73
35.21,33.27,38.00,52.67
37.52,31.72,37.00,51.60
34.87,31.99,37.00,51.30
34.13,31.29,38.47,52.93
32.50,34.32,38.00,52.40
31.34,36.99,37.33,51.67
30.87,38.85,38.37,52.63
29.89,38.86,38.60,52.80
30.10,39.22,38.13,52.27
26.98,39.12,38.60,52.67
27.26,37.30,38.00,52.00
27.94,34.69,38.93,52.87
30.85,32.55,38.30,52.17
30.63,32.42,38.80,52.60
30.37,32.26,39.37,53.10
30.25,32.24,39.67,53.33
31.04,34.72,39.60,53.20
33.33,34.87,39.53,53.07
33.81,35.52,38.47,51.93
35.05,35.18,39.40,52.80
32.87,35.00,40.00,53.33
32.81,34.80,40.00,53.27
33.60,33.77,38.30,51.50
35.68,33.98,38.13,51.27
35.25,35.79,39.03,52.10
33.00,36.00,39.00,52.00
30.75,38.37,38.97,51.83
30.81,40.75,38.87,51.60
30.80,43.06,38.90,51.50
33.87,46.17,37.13,49.60
31.70,46.56,37.17,49.50
23.12,44.94,39.60,52.00
15.83,43.24,39.53,51.83
13.91,43.05,39.00,51.20
13.31,43.09,39.00,51.10
13.38,40.71,40.67,52.67
14.99,38.20,40.63,53.17
13.58,37.78,40.60,52.40
12.49,35.03,41.00,53.27
 9.92,32.79,41.47,53.07
 7.55,32.59,41.50,53.50
 9.74,29.76,41.93,53.80
13.36,28.52,42.00,53.73
15.76,27.22,42.20,54.20
18.28,27.40,42.10,53.93
18.05,25.72,42.67,54.33
18.29,25.75,42.30,54.20
20.41,25.43,43.00,54.80
15.52,27.28,44.00,55.93
14.50,29.32,45.00,56.80
 9.55,33.65,45.83,57.50
 9.61,36.72,45.73,57.27
11.51,36.02,46.60,57.90
 6.50,36.04,46.73,57.93
 0.99,36.48,46.00,57.13
 1.00,34.00,46.00,57.00
 0.42,33.97,46.67,57.00
 0.32,34.61,46.40,56.07
 2.34,36.97,47.00,56.00
 0.42,35.60,50.40,58.73
 2.73,35.70,50.83,58.50
 1.84,35.34,52.20,59.20
 3.12,34.63,53.50,60.60
 5.29,36.63,54.27,60.67
 7.77,37.19,55.50,61.20
11.76,34.56,55.67,60.67
11.76,35.43,55.23,58.90
12.43,34.67,56.80,60.40
11.83,34.72,57.37,60.27
12.68,37.71,57.93,60.13
11.93,43.82,59.00,59.50
12.38,44.59,60.20,60.53
 7.90,49.00,62.03,61.13
 7.62,50.04,62.00,61.40
 6.04,52.68,64.57,62.63
 5.36,55.70,65.33,62.67
 1.42,55.50,66.40,63.00
-2.97,55.47,67.13,63.00
-3.81,52.17,68.10,63.23
-4.97,52.24,68.60,63.00
-5.20,48.93,69.50,63.17
-4.67,49.69,67.73,61.53
-3.50,48.51,71.00,63.20
-0.21,45.36,71.67,63.13
 2.46,42.19,72.33,63.07
 5.00,39.00,73.00,63.00
 7.79,39.00,73.40,62.83
10.15,35.54,74.67,63.53
13.40,36.08,74.20,62.50
16.08,36.11,74.87,62.47
19.27,39.27,74.50,61.50
24.23,38.54,76.20,62.80
23.77,41.10,78.10,64.13
23.21,40.91,78.87,64.33
26.42,41.20,78.70,63.60
21.71,41.72,81.00,64.67
18.06,45.29,81.20,64.33
15.81,46.93,82.60,65.20
17.91,47.97,80.77,62.97
15.93,48.01,81.13,62.73
16.70,47.42,79.00,60.50
14.73,45.76,79.33,60.27
14.09,45.51,80.23,60.60
13.71,45.53,80.60,60.40
12.97,45.17,81.70,60.93
12.63,44.13,82.00,60.67
13.32,45.56,81.70,59.80
11.87,48.31,84.07,60.87
 9.16,53.17,82.13,59.10
 8.95,53.48,82.00,58.40
 8.34,53.38,82.67,58.50
10.43,52.62,83.80,59.07
11.79,50.65,81.40,57.00
14.81,50.83,81.47,56.53
17.73,47.70,81.73,56.27
14.00,51.00,82.00,56.00
13.98,55.28,81.73,55.80
12.53,54.23,84.33,57.53
12.99,53.95,83.10,56.40
16.33,50.65,82.80,56.20
16.57,47.40,82.00,55.67
12.98,42.97,82.80,56.40
13.45,40.15,81.67,55.37
10.65,40.49,80.13,54.67
 7.09,43.91,80.50,54.80
10.34,43.99,80.33,54.67
 4.59,47.25,80.70,54.80
 7.93,51.18,78.00,53.40
 8.13,50.11,77.40,52.83
 1.32,51.33,78.07,53.07
 1.26,51.36,78.00,53.00
-1.50,51.65,76.87,52.40
-2.44,49.09,75.03,51.17
-0.62,45.69,74.60,50.80
-0.38,45.98,73.93,50.20
 3.40,42.83,72.33,49.33
 2.41,42.22,74.10,50.50
 9.66,43.01,71.67,48.87
 9.17,42.83,72.40,49.17
12.73,47.30,69.80,47.40
16.06,44.73,70.17,47.83
18.94,47.64,69.07,46.80
23.93,48.68,65.90,44.70
24.02,48.79,65.60,44.47
20.07,48.05,68.17,46.13
20.00,48.00,68.00,46.00
20.01,45.26,68.07,45.97
20.10,45.38,68.00,45.86
22.67,42.66,68.00,45.79
22.76,42.82,67.72,45.59
23.38,43.02,67.31,45.31
22.89,42.65,68.38,46.17
25.26,47.25,64.76,43.52
25.38,47.54,64.55,43.00
22.64,48.23,64.69,43.38
27.64,48.15,63.34,42.00
30.16,42.98,63.38,42.00
31.03,41.29,63.66,42.41
30.43,39.92,64.90,43.00
31.16,37.81,63.48,42.00
31.67,38.10,62.52,41.48
36.57,32.70,63.10,42.00
37.63,32.73,63.17,42.00
41.81,30.16,63.62,42.00
44.57,30.19,63.31,42.00
44.38,30.22,63.69,42.00
49.58,26.45,63.72,42.00
49.85,26.55,63.52,42.00
49.79,29.25,63.59,42.00
53.21,27.16,63.00,41.17
52.86,27.20,63.72,42.00
52.03,30.00,65.38,42.79
54.55,27.27,65.72,42.93
53.25,30.86,62.97,41.03
50.00,31.00,63.00,41.00
