205.00,119.00,96.00,149.00
205.10,119.23,96.27,148.57
198.08,118.06,98.40,150.93
199.12,120.30,96.80,147.70
199.22,120.73,97.07,147.27
199.32,121.16,97.33,146.83
192.78,120.39,99.20,148.80
192.20,119.72,100.93,150.57
185.91,119.85,101.60,150.73
180.20,121.39,100.40,148.10
175.24,123.32,98.67,144.67
175.36,123.75,98.93,144.23
174.88,123.28,100.40,145.60
172.01,123.11,101.47,146.37
168.63,123.54,101.73,145.93
168.26,123.23,103.00,147.00
162.69,124.41,102.27,145.07
168.60,124.19,103.40,145.93
175.51,124.07,104.40,146.60
189.06,122.26,103.80,144.87
195.37,119.45,104.00,144.33
202.18,114.75,103.00,142.00
202.22,115.14,103.33,141.67
202.04,115.18,104.13,142.03
207.00,115.62,104.40,141.60
209.15,117.31,103.00,138.67
208.40,117.32,104.93,140.73
215.40,124.24,103.60,137.90
229.11,127.54,100.00,132.60
233.73,135.45,105.80,139.53
234.00,142.00,106.00,139.00
234.12,148.01,105.53,139.03
248.46,149.22,103.33,136.47
254.43,149.03,103.00,136.70
262.58,140.01,100.67,134.80
273.42,132.90,102.33,137.17
279.31,126.85,102.00,137.40
273.86,135.60,98.60,133.80
279.83,135.79,97.87,133.40
278.77,134.13,99.60,136.70
279.86,138.83,98.00,135.00
285.07,139.63,99.07,137.30
290.00,138.28,100.80,140.00
290.41,142.15,99.67,139.03
289.90,143.78,100.40,140.87
289.95,143.70,100.00,141.00
283.14,146.32,99.73,141.33
281.05,146.80,98.33,139.97
276.68,142.54,100.00,143.20
277.02,137.53,98.93,142.33
277.12,132.32,97.33,140.67
271.82,133.50,95.00,138.20
260.30,131.54,97.07,142.00
254.69,132.04,95.87,140.90
248.70,137.72,95.60,141.20
248.59,137.52,95.33,141.50
241.73,136.01,96.80,144.40
235.49,135.66,96.80,145.00
234.05,134.04,98.40,148.13
229.12,135.22,96.27,145.67
229.00,135.00,96.00,146.00
228.96,134.88,96.57,146.77
223.90,136.16,95.27,144.73
222.79,134.48,97.90,148.60
222.08,133.41,99.73,151.27
216.95,127.12,100.17,151.83
216.57,128.27,99.00,150.00
215.68,127.01,101.13,153.00
215.90,133.62,101.07,152.93
210.28,131.81,103.90,157.10
208.79,132.81,103.00,155.67
205.54,133.71,102.23,154.43
205.62,133.60,102.80,155.20
202.66,133.50,103.37,155.97
198.84,132.70,104.87,158.13
199.35,133.30,104.50,157.50
193.40,133.99,104.00,156.67
192.88,133.09,105.63,159.03
193.29,133.59,105.40,158.60
192.90,132.89,106.77,160.57
193.57,133.78,106.00,159.33
192.92,132.68,107.90,162.10
193.19,132.98,107.93,162.07
193.17,132.82,108.57,162.93
194.74,135.47,106.00,158.20
193.79,126.89,108.50,162.67
193.96,127.01,108.73,162.93
193.97,126.88,109.30,163.70
193.98,126.76,109.87,164.47
193.02,125.18,112.37,168.13
193.00,125.00,113.00,169.00
192.91,125.06,112.80,168.43
192.38,123.81,114.33,170.47
193.47,125.32,112.20,167.00
192.89,124.32,113.40,168.53
193.12,124.53,113.00,167.67
193.74,125.33,111.80,165.60
194.26,125.87,110.80,164.07
199.83,126.21,110.20,162.93
200.62,127.60,108.20,159.70
200.67,127.89,107.67,158.67
201.09,128.73,106.40,156.53
200.17,125.29,107.80,158.40
201.77,127.82,104.17,152.50
197.06,126.38,105.40,154.53
197.53,126.73,104.50,153.00
198.01,127.08,103.60,151.47
198.01,126.88,103.67,151.03
193.75,122.46,105.40,153.20
193.93,122.92,104.70,151.93
192.79,121.71,106.67,154.00
193.96,123.59,104.00,149.90
193.96,123.80,103.67,149.13
193.20,122.86,104.87,150.67
193.17,123.01,104.60,150.00
193.14,123.17,104.33,149.33
194.85,125.93,100.60,143.47
193.89,119.32,102.20,145.60
192.92,117.88,103.80,147.73
192.96,117.94,103.40,146.87
193.00,118.00,103.00,146.00
193.04,117.97,102.50,146.07
192.47,116.45,104.00,149.13
193.61,117.77,101.70,146.50
193.94,117.90,101.00,146.27
194.04,119.12,98.83,143.83
194.42,117.84,100.00,146.40
194.65,117.82,99.50,146.47
193.06,117.39,99.53,147.33
193.07,117.32,99.10,147.50
192.41,116.24,100.00,149.67
192.82,116.76,98.77,148.63
192.89,116.79,98.20,148.60
189.61,117.46,97.20,147.27
190.21,117.64,96.00,146.93
190.46,117.61,95.50,147.00
193.90,124.15,94.20,145.87
192.55,122.02,96.50,150.13
190.08,122.00,96.00,150.20
192.07,121.97,95.50,150.27
192.18,121.95,95.00,150.33
192.28,121.92,94.50,150.40
192.39,121.89,94.00,150.47
192.49,121.87,93.50,150.53
191.00,119.44,96.20,155.40
189.78,116.82,98.33,160.67
187.68,118.29,96.67,157.73
188.31,124.93,94.90,155.90
190.07,128.18,90.87,150.67
190.00,133.87,90.50,150.93
190.00,134.00,90.00,151.00
189.68,133.84,90.17,151.20
189.37,134.10,90.33,151.40
189.95,140.76,88.70,148.90
189.70,145.47,90.40,151.40
194.59,145.38,90.50,151.50
195.12,152.40,89.00,149.20
189.24,150.77,91.17,152.40
188.13,156.38,93.33,155.60
188.32,162.82,92.90,154.90
194.05,162.21,93.67,156.00
194.58,163.00,92.57,154.30
194.25,168.67,93.20,155.20
195.18,170.07,91.30,152.30
198.28,171.49,91.53,152.60
197.58,173.62,92.50,154.00
196.80,175.70,93.60,155.60
194.47,176.34,92.57,154.00
194.23,172.58,93.00,154.60
200.91,173.42,91.90,152.90
200.51,167.79,92.67,154.00
200.09,165.28,93.50,155.20
200.00,160.68,93.67,155.40
194.88,153.89,94.30,156.30
194.61,152.49,94.40,156.40
193.51,145.55,96.17,159.00
193.21,145.41,96.33,159.20
192.90,145.27,96.50,159.40
194.47,147.93,92.93,154.00
194.23,154.04,92.97,154.00
194.00,154.00,93.00,154.00
193.96,153.70,93.20,154.47
194.43,153.54,93.27,154.67
195.00,154.81,91.40,152.00
196.30,157.17,88.93,147.13
197.08,158.09,87.50,145.17
197.80,158.91,86.20,143.40
197.68,158.48,86.57,144.13
197.57,158.05,86.93,144.87
197.45,157.62,87.30,145.60
197.33,157.19,87.67,146.33
197.22,156.76,88.03,147.07
197.10,156.32,88.40,147.80
196.55,155.24,89.63,149.83
194.87,152.23,93.13,155.73
194.00,150.28,95.00,159.50
193.87,146.24,95.40,160.27
193.87,145.76,95.53,160.63
193.40,142.75,96.60,162.40
194.37,144.19,94.80,159.23
193.67,136.21,96.33,162.33
192.90,134.73,98.00,165.00
194.27,131.86,95.40,160.53
194.77,137.02,94.53,159.37
194.80,136.74,94.60,159.60
196.67,139.21,91.00,154.33
196.73,138.99,91.00,154.47
195.00,130.59,94.60,160.00
194.93,129.96,94.87,160.53
194.97,129.28,94.93,160.77
195.00,129.00,95.00,161.00
195.08,129.38,94.80,160.63
194.76,129.77,94.60,160.27
190.98,133.45,90.80,154.50
197.18,136.13,88.53,149.93
196.90,136.41,88.67,150.17
196.03,135.79,90.00,152.20
195.81,136.17,90.00,152.23
195.60,140.94,90.00,152.27
195.45,137.97,93.50,158.60
195.53,138.30,93.33,158.33
195.60,138.64,93.17,158.07
195.67,138.97,93.00,157.80
195.18,138.45,93.97,159.23
195.82,142.45,92.67,157.27
194.90,141.49,94.50,160.00
194.90,141.92,94.47,159.93
195.34,145.71,93.57,158.57
195.52,146.18,93.20,158.00
195.77,147.08,92.67,156.60
191.97,147.57,92.33,156.00
192.23,148.66,91.40,154.20
192.16,149.09,91.13,153.73
192.08,149.52,90.87,153.27
192.21,150.24,90.20,152.20
197.05,150.62,90.00,151.83
197.14,150.99,89.80,151.47
196.78,150.02,90.50,153.80
194.99,147.55,94.07,159.13
194.99,147.77,94.03,159.07
195.00,148.00,94.00,159.00
195.01,147.87,94.10,159.03
195.02,147.74,94.20,159.07
196.04,149.11,92.30,156.10
197.05,150.48,90.40,153.13
197.31,151.35,90.00,151.17
196.87,156.00,91.00,153.80
201.79,153.97,93.63,157.63
201.27,153.05,94.80,159.27
202.69,161.16,92.10,155.10
202.97,157.99,91.67,153.33
203.27,162.24,91.20,152.57
202.84,161.43,92.20,154.00
202.35,166.36,93.30,156.43
203.17,167.85,91.80,153.27
201.88,165.40,94.50,158.00
201.33,164.44,95.73,159.73
201.85,157.83,94.83,158.27
196.75,152.52,92.60,154.80
196.71,140.46,92.80,154.43
195.51,133.08,94.33,156.67
195.33,123.14,94.90,157.90
195.06,116.32,95.67,158.93
195.85,111.08,94.30,156.77
196.50,105.70,93.20,155.00
194.46,97.41,97.50,161.33
196.22,99.04,94.20,156.07
194.38,90.43,98.10,162.00
196.07,92.22,94.93,157.13
196.16,85.98,94.97,157.07
190.00,86.00,95.00,157.00
189.90,86.02,94.77,157.13
188.00,89.79,98.13,162.67
180.02,92.73,101.50,169.10
187.09,93.75,100.73,168.40
188.20,95.26,98.50,165.50
190.84,105.67,93.20,157.20
190.33,104.20,94.90,160.23
189.79,109.52,96.07,162.47
195.47,116.27,93.70,159.40
196.82,115.38,94.67,161.33
198.34,122.51,91.70,157.37
197.91,121.57,92.60,159.20
197.56,120.73,93.37,160.83
199.89,118.32,95.87,165.60
199.05,118.34,95.50,165.50
200.03,123.34,93.27,162.13
201.01,124.95,91.03,159.27
202.28,127.47,88.20,154.60
202.65,125.36,87.20,153.53
202.61,125.33,87.00,153.67
203.27,126.35,85.40,151.70
206.81,125.26,86.60,153.93
206.35,123.73,87.63,157.07
206.52,123.70,87.40,157.20
206.70,123.66,87.17,157.33
206.82,122.33,88.67,160.07
212.90,122.25,88.50,160.30
224.76,122.07,88.47,160.73
225.06,121.98,88.30,160.97
225.00,122.00,88.00,161.00
225.07,122.16,88.03,160.83
231.21,122.21,88.20,160.87
232.65,123.52,86.70,158.40
234.12,126.13,84.33,153.33
232.99,123.54,87.17,158.67
232.56,122.64,88.60,160.60
231.36,122.75,88.70,160.53
224.11,122.86,88.80,160.47
216.44,120.52,91.70,165.30
210.26,120.74,91.67,165.00
211.69,123.18,89.10,160.27
211.59,126.61,89.60,160.80
211.58,129.16,89.90,161.03
214.06,128.33,91.27,162.87
217.87,129.10,90.50,161.50
218.42,128.18,89.73,160.13
218.46,128.10,89.97,160.27
218.50,128.01,90.20,160.40
218.54,127.93,90.43,160.53
218.58,127.84,90.67,160.67
218.32,127.31,91.50,161.70
218.40,127.28,91.67,161.73
218.71,127.59,91.37,161.07
218.75,127.51,91.60,161.20
218.79,127.42,91.83,161.33
218.70,127.14,92.33,161.87
218.67,126.95,92.70,162.20
218.78,126.97,92.80,162.13
218.89,126.98,92.90,162.07
219.00,127.00,93.00,162.00
218.53,126.97,93.37,162.13
224.48,127.05,93.60,162.07
224.05,127.07,93.90,162.10
222.89,126.00,95.67,164.33
216.09,125.04,95.83,164.17
214.93,123.35,97.60,167.20
214.60,123.33,97.70,166.90
207.74,118.49,97.80,166.60
210.22,127.47,92.30,157.20
202.39,121.53,94.67,160.33
201.40,120.71,96.10,162.07
201.67,121.80,95.00,160.00
200.88,121.29,96.03,161.13
200.48,121.37,96.27,161.07
199.59,120.71,97.50,162.50
200.23,122.35,95.67,159.33
199.87,119.79,95.83,159.17
198.91,118.86,97.20,160.80
205.86,120.29,95.43,157.73
213.10,120.17,93.00,153.67
213.09,120.85,92.50,152.50
212.74,121.03,92.67,152.33
205.80,115.86,93.77,153.57
205.53,115.94,93.80,153.20
205.26,116.02,93.83,152.83
202.39,117.47,99.07,160.27
195.69,118.37,99.10,159.90
188.77,118.14,99.53,160.13
188.38,118.07,99.77,160.07
188.00,118.00,100.00,160.00
188.37,117.86,99.59,159.72
188.74,118.12,99.17,159.45
190.90,120.87,95.17,153.79
192.07,122.12,93.17,151.14
192.33,122.03,92.97,151.17
192.01,121.06,93.93,152.97
192.35,121.07,93.59,152.79
192.13,118.64,94.34,154.28
191.02,116.28,96.90,158.45
191.36,118.17,96.55,158.28
192.69,119.69,94.21,155.10
194.03,124.83,91.86,151.93
195.14,126.14,89.97,148.76
190.12,126.72,88.62,147.03
188.97,124.30,91.28,151.31
188.64,122.70,92.28,153.93
188.47,121.73,92.97,155.31
188.22,124.35,93.79,156.90
188.26,123.89,94.07,157.66
188.84,124.26,93.24,156.76
187.37,124.12,93.10,156.90
188.59,125.11,91.45,154.76
191.15,126.20,89.66,152.41
191.46,121.24,89.38,152.34
191.76,120.99,89.10,152.28
192.07,120.74,88.83,152.21
192.38,120.50,88.55,152.14
192.69,120.25,88.28,152.07
193.00,120.00,88.00,152.00
192.99,119.92,88.10,152.27
192.98,119.83,88.20,152.53
192.97,119.75,88.30,152.80
192.96,119.67,88.40,153.07
192.79,119.33,88.83,153.83
192.07,120.10,87.80,152.40
191.92,120.12,87.77,152.47
192.50,121.23,86.27,150.33
192.01,120.75,86.90,151.40
191.46,120.17,87.67,152.67
191.20,122.32,87.83,153.03
190.55,125.29,88.80,154.60
190.26,125.12,89.03,155.07
189.91,124.85,89.40,155.73
189.19,124.03,90.50,157.50
188.93,123.91,90.67,157.87
188.11,122.94,91.97,159.93
191.29,122.17,93.00,161.60
193.80,122.60,92.43,160.87
194.20,123.43,91.33,159.33
187.04,122.26,92.90,161.80
186.49,121.69,93.67,163.07
191.18,121.57,93.83,163.43
192.54,121.75,93.60,163.20
194.10,124.33,90.17,158.17
194.74,131.68,88.60,155.93
194.44,131.48,88.90,156.50
200.86,132.87,87.07,153.87
199.00,124.06,90.90,159.73
199.00,124.00,91.00,160.00
199.30,124.07,90.80,160.27
198.66,122.75,92.47,163.33
199.00,123.49,92.20,163.50
197.60,120.79,95.40,169.73
198.41,127.59,94.17,168.00
199.69,129.59,92.00,164.40
199.08,131.73,90.90,163.23
195.40,133.20,89.13,161.07
193.63,130.02,93.10,168.20
191.85,129.84,93.00,169.33
192.32,130.98,92.07,167.83
194.26,137.62,88.20,162.60
194.30,137.58,88.13,163.07
194.35,137.53,88.07,163.53
194.39,137.48,88.00,164.00
194.96,138.23,86.87,162.87
193.74,138.29,84.17,157.97
195.81,137.66,85.20,160.00
193.37,136.61,85.73,162.87
193.77,137.26,85.33,162.33
194.60,138.91,84.10,159.80
190.51,140.85,83.87,159.93
193.86,137.93,86.40,166.13
193.16,141.46,88.20,169.40
193.30,141.47,88.33,170.17
193.51,141.51,88.33,170.87
193.78,141.73,88.20,171.20
194.19,142.15,87.80,171.13
194.59,142.58,87.40,171.07
195.00,143.00,87.00,171.00
195.06,143.16,86.83,170.47
195.09,143.22,86.73,170.13
195.03,143.18,86.80,170.00
195.04,143.25,86.73,169.67
195.72,144.31,85.33,167.33
194.82,145.87,84.60,164.00
194.77,146.11,84.23,163.30
189.77,145.66,84.80,164.00
194.60,146.60,83.50,161.90
194.96,147.45,82.33,160.00
194.93,148.19,81.93,158.30
191.53,148.54,81.40,157.40
191.39,146.36,81.60,157.60
189.66,142.54,85.00,164.73
188.37,139.90,87.50,169.50
186.17,135.96,88.47,170.80
190.78,138.45,86.13,165.73
194.42,140.78,83.80,161.00
191.40,135.96,85.17,162.90
190.89,134.50,86.33,165.33
192.80,134.33,86.40,165.20
199.58,139.81,85.00,162.87
200.36,141.84,83.17,158.73
203.28,139.17,86.40,164.00
204.37,140.39,84.83,161.50
203.63,140.10,86.33,163.60
204.30,146.41,85.00,161.70
202.94,143.77,87.73,167.73
198.20,152.90,85.00,161.23
198.00,153.00,85.00,161.00
