122.00,79.00,195.00,252.00
123.16,78.78,193.40,252.63
126.18,89.83,188.07,248.60
121.87,82.45,197.40,262.90
123.36,82.40,195.13,262.53
124.96,82.61,192.67,261.67
126.20,86.16,187.40,257.60
129.00,88.68,181.93,252.70
129.73,95.13,180.60,254.13
127.90,91.23,184.40,261.40
128.50,90.01,183.33,263.33
128.45,87.85,183.57,267.13
130.00,97.88,180.60,265.60
127.60,92.91,185.53,274.97
128.80,92.73,183.27,274.73
130.00,92.56,181.00,274.50
131.20,92.39,178.73,274.27
133.25,93.64,174.77,271.20
135.30,94.55,170.80,268.80
136.48,94.38,168.57,268.57
137.67,94.21,166.33,268.33
138.85,94.04,164.10,268.10
140.03,93.87,161.87,267.87
141.22,93.70,159.63,267.63
142.40,93.53,157.40,267.40
142.33,91.27,157.67,271.33
143.47,91.02,155.53,271.27
144.60,90.76,153.40,271.20
145.73,90.51,151.27,271.13
146.87,90.25,149.13,271.07
148.00,90.00,147.00,271.00
148.97,90.06,145.90,270.67
149.94,90.12,144.80,270.33
150.91,90.17,143.70,270.00
151.87,90.23,142.60,269.67
152.84,90.29,141.50,269.33
153.81,90.35,140.40,269.00
156.22,90.40,139.30,268.67
157.40,90.46,138.20,268.33
158.57,90.52,137.10,268.00
159.74,90.58,136.00,267.67
160.92,90.63,134.90,267.33
162.09,96.05,133.80,267.00
161.57,92.69,136.10,272.90
162.51,92.20,135.47,273.07
163.87,92.33,134.00,272.00
165.22,92.45,132.53,270.93
165.45,89.75,133.33,275.53
166.74,94.67,132.00,274.80
168.58,96.01,129.57,271.87
172.86,96.14,128.33,271.33
173.80,96.28,127.10,270.80
174.73,96.41,125.87,270.27
173.54,96.55,124.63,269.73
174.79,96.68,123.40,269.20
176.28,97.32,121.67,267.67
178.33,99.52,118.80,263.00
172.15,99.64,117.60,262.50
173.10,99.76,116.40,262.00
174.05,99.88,115.20,261.50
175.00,100.00,114.00,261.00
174.50,99.87,113.90,261.40
174.00,99.74,113.80,261.80
173.40,99.37,113.90,262.70
172.87,99.15,113.87,263.27
172.33,98.94,113.83,263.83
171.80,98.73,113.80,264.40
171.27,98.52,113.77,264.97
170.00,96.47,115.20,269.20
169.50,96.35,115.10,269.60
169.00,96.22,115.00,270.00
168.50,96.09,114.90,270.40
168.00,95.96,114.80,270.80
167.50,95.83,114.70,271.20
167.00,95.70,114.60,271.60
168.00,95.44,111.50,264.00
168.07,97.02,110.27,261.53
168.07,98.43,109.17,259.40
167.60,98.68,109.00,259.60
167.13,98.93,108.83,259.80
166.67,99.18,108.67,260.00
166.50,100.17,107.90,258.70
166.00,100.34,107.80,259.07
165.50,100.50,107.70,259.43
164.20,98.27,109.20,264.60
162.83,89.45,110.83,269.33
162.13,88.83,111.13,270.73
161.60,88.62,111.10,271.30
161.07,88.42,111.07,271.87
160.53,88.21,111.03,272.43
160.00,88.00,111.00,273.00
160.45,88.25,110.73,273.07
161.44,88.10,110.47,273.13
162.16,88.14,110.20,273.20
162.01,86.03,111.67,277.60
162.77,86.16,111.33,277.50
163.52,86.29,111.00,277.40
170.65,86.42,110.67,277.30
171.13,86.55,110.33,277.20
171.60,86.68,110.00,277.10
172.41,87.82,109.00,275.00
172.92,88.05,108.60,274.70
173.43,88.28,108.20,274.40
177.41,88.51,107.80,274.10
182.62,88.74,107.40,273.80
183.62,90.22,106.00,271.00
183.55,88.77,106.73,274.07
188.56,88.82,106.47,274.13
188.66,87.37,107.40,277.20
197.18,86.42,107.93,279.27
198.54,88.13,106.33,276.00
200.67,92.11,103.20,268.20
200.73,86.23,104.20,271.40
202.67,82.03,105.33,275.70
210.19,83.84,103.80,272.40
210.64,83.28,104.00,273.83
211.30,83.32,103.80,274.07
219.14,81.12,105.40,278.80
219.76,81.08,105.27,279.20
220.35,80.96,105.20,279.77
221.00,81.00,105.00,280.00
220.04,85.23,107.17,277.93
219.08,89.46,109.33,275.87
218.32,93.93,111.10,273.30
217.16,97.91,113.67,271.73
215.37,99.64,117.50,274.67
221.77,106.37,118.00,267.60
219.77,108.29,121.70,270.13
218.17,112.09,124.60,268.93
219.66,116.35,126.80,266.80
202.51,114.44,128.00,263.33
165.75,83.53,132.30,264.00
195.23,86.10,133.40,260.40
195.08,78.76,130.90,246.90
154.08,91.19,130.00,237.20
158.63,97.64,130.50,233.50
153.80,135.61,131.00,227.47
118.18,98.07,136.63,231.43
94.60,96.97,140.00,232.40
89.51,95.70,144.40,233.73
84.76,90.95,154.33,242.00
76.92,90.06,157.30,241.40
78.27,91.41,154.40,233.47
74.76,83.97,157.57,233.70
72.61,83.43,162.20,233.60
75.46,87.20,156.83,222.33
73.00,85.56,162.07,224.93
70.45,83.79,167.50,227.80
67.36,73.53,174.00,231.53
75.26,74.01,177.03,231.43
74.00,72.00,180.00,231.00
75.62,71.91,177.07,231.70
86.60,72.29,173.80,231.47
109.63,73.44,170.50,231.20
93.20,70.01,173.40,239.07
97.30,72.31,167.50,235.50
99.90,70.89,164.60,236.40
102.66,71.13,161.37,236.47
119.46,72.02,157.60,235.20
121.64,72.34,154.30,235.10
122.98,72.16,152.67,236.00
125.58,73.35,148.50,234.13
127.46,71.64,145.80,235.20
125.44,68.95,144.53,240.87
144.04,71.42,142.20,243.27
151.30,81.21,137.50,241.50
153.45,79.86,134.13,244.87
155.92,81.18,130.13,242.90
161.97,84.78,128.80,245.60
162.45,81.94,128.27,252.47
164.80,92.57,124.00,251.67
165.82,91.91,122.40,254.20
167.11,91.55,120.27,256.13
168.08,89.50,118.77,261.47
169.78,89.64,115.80,262.40
170.65,87.70,114.50,267.50
172.52,88.03,111.20,268.07
174.14,88.02,108.40,269.30
175.89,88.18,105.33,270.20
177.45,88.09,102.67,271.60
179.00,88.00,100.00,273.00
179.29,87.82,100.33,273.17
180.52,90.52,98.80,268.67
180.87,90.78,99.00,268.50
181.16,97.73,99.33,268.67
178.62,89.97,105.33,284.00
177.28,91.55,105.60,284.00
178.09,94.04,104.33,279.40
172.18,94.13,104.67,279.60
173.16,95.97,103.60,276.30
173.41,95.97,104.00,276.67
174.76,99.10,102.20,270.80
174.71,94.95,103.20,273.00
179.04,93.45,104.60,275.83
178.59,91.85,105.87,278.87
178.70,91.96,106.00,278.50
178.81,92.06,106.13,278.13
178.36,90.75,107.40,280.60
178.44,90.77,107.60,280.40
178.15,86.66,108.53,282.40
177.93,86.06,109.33,284.00
177.38,84.45,110.80,287.60
177.23,84.18,111.47,288.53
179.46,93.09,105.40,271.10
179.88,87.53,105.20,269.80
180.30,88.11,105.00,268.50
180.72,88.69,104.80,267.20
189.18,89.27,104.60,265.90
187.72,84.71,108.13,274.87
203.53,82.69,110.00,278.77
212.00,83.00,110.00,278.00
212.06,82.90,108.90,278.23
219.82,82.80,107.80,278.47
219.62,80.55,108.20,283.00
227.96,79.75,106.93,282.67
227.22,77.60,107.33,286.50
226.15,68.41,108.40,290.80
229.66,82.93,100.30,274.40
235.65,76.75,103.60,286.33
234.68,68.63,104.40,290.20
245.94,77.13,96.67,273.33
257.27,75.60,96.80,276.53
257.43,75.73,95.60,276.40
262.27,75.86,94.40,276.27
264.87,73.22,94.73,281.67
272.94,73.37,93.50,281.50
272.06,70.75,94.27,286.87
275.83,66.58,93.03,286.73
275.68,66.46,91.80,286.60
280.33,66.34,90.57,286.47
280.43,65.52,89.33,286.33
280.53,65.46,88.10,286.20
288.44,65.41,86.87,286.07
288.51,65.36,85.63,285.93
288.58,65.31,84.40,285.80
288.65,65.26,83.17,285.67
288.72,64.08,81.93,285.53
295.92,65.11,80.10,283.80
289.13,65.28,78.93,283.80
289.06,65.14,77.97,284.40
289.00,65.00,77.00,285.00
281.10,65.29,77.47,285.10
266.03,65.75,77.80,284.87
241.37,72.96,78.20,284.80
242.18,75.69,76.87,279.53
234.36,75.29,77.67,280.50
226.63,75.23,78.20,280.80
218.88,75.17,78.73,281.10
200.43,65.49,81.27,287.40
192.52,65.55,81.80,287.70
192.32,65.61,82.33,288.00
189.18,65.67,82.87,288.30
183.50,63.93,84.60,292.20
179.85,64.09,85.07,292.30
179.40,64.26,85.53,292.40
178.95,64.42,86.00,292.50
178.50,64.58,86.47,292.60
177.79,66.44,85.80,289.30
173.60,64.30,87.80,294.00
161.00,71.29,87.13,290.70
140.73,72.62,87.00,289.00
140.46,72.85,87.60,289.50
140.19,73.08,88.20,290.00
138.16,75.06,88.80,290.50
131.53,72.93,89.80,292.20
132.11,75.76,88.67,287.50
132.02,69.72,88.87,286.80
131.77,69.79,89.40,287.10
130.58,67.06,91.80,293.00
130.26,66.93,92.47,293.70
130.00,67.00,93.00,294.00
129.84,67.18,93.47,293.63
129.67,67.37,93.93,293.27
129.51,67.55,94.40,292.90
129.34,67.73,94.87,292.53
129.34,68.42,95.00,291.17
123.47,70.50,94.20,287.00
123.53,70.58,94.73,286.83
124.33,72.50,93.80,283.00
129.86,72.50,94.40,283.00
128.63,70.00,97.00,288.00
128.04,68.90,98.33,290.20
133.87,67.00,100.20,294.00
134.20,67.00,100.80,294.00
134.06,65.60,102.33,296.80
134.36,65.50,103.00,297.00
139.35,68.40,101.67,291.20
148.03,67.00,103.20,294.00
156.27,67.00,103.80,294.00
156.29,67.00,104.40,294.00
164.56,67.00,105.00,294.00
164.60,67.00,105.60,294.00
172.90,67.00,106.20,294.00
181.23,67.00,106.80,294.00
182.49,67.00,107.40,294.00
182.35,67.00,108.00,294.00
189.46,67.00,108.60,294.00
190.39,67.00,109.20,294.00
190.26,67.00,109.80,294.00
190.13,67.00,110.40,294.00
190.00,67.00,111.00,294.00
190.18,67.12,110.83,293.60
190.37,67.25,110.67,293.20
199.00,67.67,110.30,292.20
199.21,67.90,110.07,291.60
207.75,68.12,109.83,291.00
208.75,70.75,108.00,285.60
208.69,70.17,108.30,286.60
210.74,69.39,108.73,288.00
217.57,79.30,107.30,284.50
216.30,75.48,110.00,292.00
216.44,75.50,109.90,291.80
216.57,75.53,109.80,291.60
216.27,74.47,110.57,293.57
216.38,74.42,110.53,293.53
216.48,74.36,110.50,293.50
216.58,74.30,110.47,293.47
217.95,77.76,107.90,286.40
218.18,78.09,107.60,285.60
218.42,78.41,107.30,284.80
217.99,76.74,108.33,288.00
218.19,76.97,108.10,287.40
218.39,77.19,107.87,286.80
219.36,79.72,106.10,281.60
219.59,80.04,105.80,280.80
218.99,77.87,107.17,285.00
219.19,78.10,106.93,284.40
219.50,78.62,106.50,283.20
219.73,78.95,106.20,282.40
219.87,78.97,106.10,282.20
220.00,79.00,106.00,282.00
219.97,79.02,106.07,281.43
219.93,79.05,106.13,280.87
219.00,76.37,108.00,285.70
219.00,76.49,108.00,284.93
219.00,76.61,108.00,284.17
219.00,76.74,108.00,283.40
219.00,76.86,108.00,282.63
226.57,75.15,109.47,285.53
227.59,77.86,107.40,279.60
227.62,78.06,107.33,278.67
227.64,78.27,107.27,277.73
233.03,79.47,106.40,274.80
232.52,79.30,106.87,274.63
232.73,84.71,105.87,270.87
232.88,86.15,105.00,268.00
233.03,91.35,104.13,265.13
231.38,87.59,106.87,272.13
230.33,86.00,108.40,274.80
230.35,92.23,107.80,272.20
230.30,93.18,107.33,270.33
229.88,93.21,107.60,270.30
228.05,97.22,106.40,266.60
222.01,97.70,106.00,265.13
221.52,97.22,106.40,265.60
221.27,97.43,106.33,264.67
221.01,97.64,106.27,263.73
219.86,95.61,108.00,267.30
219.57,95.74,108.00,266.53
219.29,95.87,108.00,265.77
219.00,96.00,108.00,265.00
218.98,96.09,107.93,264.83
218.90,96.01,108.00,265.00
218.50,95.21,108.70,266.60
219.19,98.23,107.20,262.80
219.83,100.25,105.83,259.33
219.59,100.10,106.20,260.20
219.59,100.65,106.10,259.67
219.65,101.27,105.87,259.00
221.95,98.84,106.10,259.50
220.39,94.43,109.67,268.33
225.67,94.28,109.83,268.67
225.54,94.12,110.00,269.00
224.84,92.55,111.30,272.17
224.27,86.70,112.33,275.13
224.14,86.55,112.50,276.00
223.94,86.47,112.80,276.73
232.06,86.39,113.10,277.47
231.47,85.30,114.20,280.20
231.32,85.30,114.43,280.77
231.16,85.30,114.67,281.33
231.71,87.40,113.50,277.70
237.00,85.30,115.13,282.47
239.04,85.30,115.37,283.03
238.89,85.30,115.60,283.60
238.74,85.30,115.83,284.17
240.19,90.10,112.87,275.13
239.24,80.23,114.70,280.50
239.16,80.15,114.80,280.67
239.03,79.99,115.00,281.00
239.00,80.00,115.00,281.00
238.91,80.60,114.77,279.53
238.75,81.07,114.67,278.33
238.53,78.91,116.30,282.40
238.71,79.55,116.07,280.87
238.89,80.18,115.83,279.33
239.07,80.82,115.60,277.80
245.73,81.46,115.37,276.27
244.79,80.79,116.80,277.33
244.77,81.58,116.40,275.50
245.75,84.03,114.00,270.33
245.94,85.90,113.17,266.33
249.01,89.65,113.00,265.00
248.57,88.75,113.97,267.07
248.74,85.91,113.73,265.53
248.90,86.55,113.50,264.00
249.06,87.19,113.27,262.47
252.32,86.41,114.17,263.77
250.67,84.46,117.00,267.40
250.52,90.19,116.83,266.03
255.81,91.01,116.67,264.67
255.63,90.94,117.10,265.10
255.78,91.86,116.87,263.53
255.16,90.87,118.17,265.80
255.28,98.30,118.00,264.40
255.40,99.42,117.83,263.00
255.66,100.93,117.40,260.80
255.74,101.95,117.30,259.60
255.76,102.77,117.33,258.80
255.88,103.88,117.17,257.40
256.00,105.00,117.00,256.00
256.43,105.58,116.27,255.57
256.85,113.85,115.53,255.13
257.28,114.16,114.80,254.70
257.84,114.80,113.80,253.60
259.14,117.28,111.33,248.83
260.56,119.09,108.60,245.40
259.76,112.63,106.73,242.63
260.54,114.08,104.80,239.93
259.94,112.50,105.60,243.30
254.59,104.34,105.33,244.00
254.06,102.26,106.53,248.37
252.00,88.89,110.80,259.20
247.69,87.03,112.40,263.13
247.05,85.33,113.27,266.73
247.73,86.55,111.50,264.50
243.35,93.39,112.07,267.40
242.99,92.20,112.93,269.97
243.33,88.82,112.40,270.20
244.22,84.83,110.77,268.60
242.67,80.90,114.00,276.67
242.29,73.71,114.90,280.40
242.52,73.02,114.60,282.27
235.47,76.42,112.03,275.97
228.96,77.55,112.00,277.60
228.76,76.98,112.00,278.67
229.01,86.66,108.80,273.53
228.10,85.13,110.80,278.80
220.72,84.85,110.33,279.27
218.64,79.56,113.53,289.77
219.00,71.00,113.00,290.00
219.14,70.62,113.33,289.63
219.34,70.44,113.53,288.87
218.61,67.46,115.60,293.70
217.39,64.28,118.67,298.93
225.92,68.02,116.33,293.17
226.41,76.64,115.40,288.80
225.46,73.88,117.33,293.20
227.21,75.01,118.47,294.40
226.25,72.74,121.00,298.40
226.89,65.06,120.33,296.00
228.03,58.47,118.67,291.60
229.37,61.99,116.60,284.00
233.85,62.80,116.20,281.83
237.58,64.31,118.60,287.20
236.30,77.91,121.50,293.00
235.56,80.68,123.33,295.60
241.56,83.21,121.50,290.00
241.78,82.95,122.00,290.00
244.12,82.33,124.40,293.80
243.67,80.82,125.67,296.00
244.18,71.61,125.00,293.60
244.20,62.90,125.33,293.20
244.57,63.53,124.97,291.40
244.53,63.36,125.40,291.20
253.14,64.60,125.83,291.00
254.41,74.26,123.67,285.60
254.43,75.25,124.00,285.20
254.35,74.64,124.53,285.20
252.98,71.42,127.67,290.40
253.00,71.00,128.00,290.00
252.69,70.55,128.38,290.66
251.08,59.33,131.34,296.48
250.87,59.38,131.52,296.72
252.09,62.44,128.83,290.97
251.43,61.46,129.90,293.28
251.99,71.74,128.52,290.41
250.43,71.32,131.38,296.03
246.73,75.88,133.52,300.48
244.91,67.31,136.28,305.93
245.68,70.44,133.86,300.69
245.51,62.68,133.31,299.48
246.07,61.46,131.31,295.38
247.45,42.63,135.69,305.14
247.73,44.01,134.86,302.28
246.98,38.00,136.10,305.62
246.21,41.39,137.38,307.10
245.63,45.48,138.28,309.62
245.73,46.66,137.83,307.79
246.47,42.34,142.14,316.97
245.74,42.06,142.72,318.07
245.83,43.48,141.69,315.76
243.05,34.30,142.10,316.41
245.30,39.61,137.34,306.31
242.55,34.68,142.59,316.69
234.46,44.04,142.66,316.72
234.80,45.85,141.07,313.66
234.20,45.90,141.38,314.10
233.60,45.95,141.69,314.55
233.00,46.00,142.00,315.00
233.12,45.90,141.77,314.10
231.84,34.41,144.33,318.80
234.97,40.66,138.10,305.80
234.92,39.40,138.20,305.53
226.18,36.79,140.50,309.67
224.94,33.29,143.60,315.60
223.64,35.98,142.67,313.30
226.02,40.69,137.93,303.40
227.45,43.66,135.10,297.00
229.59,47.88,136.67,300.00
227.96,46.95,140.53,307.30
233.80,47.06,140.40,306.60
234.72,48.87,138.57,302.50
234.74,48.88,138.53,302.00
236.00,51.64,136.00,296.00
236.10,47.17,135.80,295.13
234.99,44.36,138.03,299.70
231.42,44.58,137.80,298.20
231.38,43.39,138.50,299.50
232.44,44.78,137.00,295.67
225.07,41.03,140.10,302.10
225.60,48.28,139.07,299.60
218.26,60.85,135.93,292.90
215.34,60.29,138.20,297.00
208.01,66.84,138.67,297.50
208.18,69.47,135.93,291.60
200.70,69.60,135.70,290.70
201.17,72.07,133.60,285.13
190.54,67.37,138.03,294.50
182.00,67.00,138.00,294.00
