465.00, 1.00,310.00,720.00
463.29, 2.02,310.90,718.33
461.57, 3.04,311.80,716.67
459.86, 4.06,312.70,715.00
458.14, 5.08,313.60,713.33
456.43, 6.10,314.50,711.67
454.71, 7.11,315.40,710.00
453.00, 8.13,316.30,708.33
453.49,28.25,312.80,696.40
449.57,23.50,318.10,705.00
447.86,23.89,319.00,703.33
446.14,31.39,319.90,701.67
445.83,35.03,318.00,694.80
444.23,36.27,318.67,692.70
444.23,41.26,316.13,683.13
442.54,42.27,317.00,681.50
440.84,43.29,317.87,679.87
439.14,44.30,318.73,678.23
437.44,45.32,319.60,676.60
433.53,42.22,324.90,683.20
444.67,43.01,326.00,682.00
443.50,43.81,327.10,680.80
442.33,44.61,328.20,679.60
441.87,47.04,327.90,675.13
440.60,47.61,329.20,674.40
439.83,49.34,329.50,671.33
438.47,49.67,331.00,671.07
438.97,50.00,332.50,670.80
436.78,49.87,334.40,671.47
434.89,50.43,335.70,670.73
433.00,51.00,337.00,670.00
441.81,51.05,339.17,671.27
450.62,51.10,341.33,672.53
462.59,57.00,337.20,662.10
471.28,56.83,339.60,663.80
479.98,56.67,342.00,665.50
481.73,51.30,350.00,677.60
504.74,51.35,352.17,678.87
512.22,51.40,354.33,680.13
533.29,51.45,356.50,681.40
540.12,51.50,358.67,682.67
557.16,35.00,365.27,692.17
588.60,56.92,345.20,651.00
604.62,57.42,347.47,652.67
612.53,62.05,343.33,641.20
629.35,68.14,339.50,632.00
633.04,59.54,342.60,635.27
647.57,66.36,339.57,625.83
643.41,68.14,333.00,612.40
639.36,69.08,336.17,615.87
623.20,70.03,339.33,619.33
631.36,70.98,342.50,622.80
617.66,77.79,339.20,614.53
601.36,80.04,341.13,615.40
603.10,81.82,343.40,617.20
586.50,83.27,345.83,619.67
569.47,84.38,348.80,622.80
574.40,90.51,346.30,615.90
556.66,89.89,349.87,620.27
539.53,91.18,353.80,625.30
541.00,92.00,357.00,629.00
540.47,91.97,357.20,625.70
521.93,92.27,356.93,621.73
525.32,97.80,350.60,607.30
527.53,118.14,346.60,596.47
518.84,111.01,358.00,612.50
500.44,106.78,362.40,617.60
503.49,127.09,356.77,603.57
493.57,117.41,367.00,618.27
491.32,114.16,370.70,620.10
492.11,121.97,368.33,612.67
479.23,122.34,368.07,608.53
477.33,131.55,372.40,610.40
471.26,121.05,385.07,626.70
475.30,126.29,377.53,611.53
477.08,138.03,374.50,603.00
480.99,143.78,367.20,588.13
481.16,143.77,367.40,584.77
489.21,151.65,367.60,581.40
484.68,143.83,375.87,592.33
476.89,132.81,390.67,609.67
493.07,149.99,385.30,598.40
494.29,152.13,383.40,590.73
494.46,152.18,383.60,587.27
495.43,157.51,382.20,581.20
497.13,159.00,379.33,573.50
497.00,157.94,380.13,570.93
494.39,153.00,385.90,576.10
472.74,147.70,393.07,582.00
472.37,147.35,393.03,578.00
472.00,147.00,393.00,574.00
471.56,149.91,384.87,569.77
467.28,147.38,384.40,576.40
448.89,150.32,376.10,572.10
446.90,151.99,368.60,570.33
446.63,154.61,360.50,566.67
449.56,161.63,346.00,554.20
449.16,164.07,338.17,550.90
446.85,163.98,332.20,552.67
445.76,164.60,325.50,553.00
441.24,159.56,325.67,564.67
439.28,157.51,320.70,570.33
438.69,161.73,313.00,576.00
436.72,180.56,308.07,580.93
430.35,174.58,311.93,599.33
428.37,181.18,307.00,605.50
434.33,180.10,303.93,611.67
433.37,192.24,298.07,610.23
430.22,180.58,296.60,622.00
424.43,157.12,294.80,633.33
431.70,189.45,292.33,645.67
429.64,170.52,287.30,644.00
428.21,160.19,281.00,645.73
430.71,148.79,266.83,630.80
435.84,140.30,256.00,625.80
433.96,124.49,249.17,626.00
434.23,108.01,243.80,634.00
436.16,121.17,227.90,610.40
449.56,102.97,222.67,618.80
447.46,104.52,214.47,617.33
446.00,107.00,205.00,614.00
445.40,107.71,204.60,611.27
444.81,107.37,204.20,608.53
445.79,107.55,203.80,605.80
465.29,106.34,204.47,605.87
485.24,109.77,203.67,602.00
503.14,116.13,199.40,588.00
520.83,122.53,195.13,573.90
521.81,127.07,191.93,563.53
537.91,129.94,190.20,556.50
542.47,129.88,190.33,555.33
556.29,124.19,194.47,565.43
565.78,124.16,194.60,564.20
565.06,124.13,194.73,562.97
570.84,121.53,196.73,566.87
571.58,124.07,195.00,560.50
570.45,121.48,197.00,564.40
576.59,119.03,198.73,568.00
570.27,121.79,197.00,561.20
557.50,114.98,202.07,573.53
557.37,132.81,201.00,569.00
538.99,128.97,203.80,575.40
539.73,133.00,201.00,566.07
549.88,128.96,204.07,572.87
550.15,124.21,209.80,587.60
545.42,133.90,212.33,593.50
530.87,133.92,212.47,592.20
531.94,139.34,209.00,580.10
545.88,133.96,212.73,589.60
561.18,133.98,212.87,588.30
561.00,134.00,213.00,587.00
558.52,134.07,216.37,585.97
556.24,134.51,219.33,584.20
552.06,129.36,226.10,593.60
549.35,126.66,229.93,593.27
549.99,126.32,233.17,591.83
557.66,101.62,244.80,611.80
558.79,111.27,241.03,591.53
557.78,115.72,241.53,581.67
561.70,117.22,243.30,577.70
569.95,115.42,248.67,580.33
566.20,111.47,254.77,587.27
562.30,107.93,261.20,593.40
558.46,105.58,267.50,597.13
556.02,114.66,271.00,596.07
548.82,102.15,284.00,619.00
539.73,89.43,300.80,642.33
516.50,96.31,308.57,648.53
514.73,98.88,310.60,642.60
511.88,98.64,314.80,642.30
511.36,102.72,314.33,633.33
507.87,100.74,319.80,636.50
505.22,100.93,323.60,635.33
507.35,112.95,317.83,618.80
504.02,114.17,323.00,622.00
501.85,99.11,325.83,618.67
499.68,99.31,328.67,615.33
500.66,104.91,325.20,601.20
495.51,117.81,334.00,607.73
493.10,119.00,337.00,604.87
491.00,119.00,340.00,602.00
493.48,118.84,336.67,600.37
495.80,118.31,333.67,599.47
516.86,119.07,330.90,599.40
523.09,124.27,319.93,583.60
543.86,140.78,318.33,585.67
563.51,144.56,310.60,576.00
567.92,142.10,310.13,578.80
569.62,141.58,308.27,577.73
571.01,120.67,307.00,581.00
577.10,126.88,296.33,566.67
579.40,126.53,293.27,565.43
576.09,113.89,301.40,588.80
563.68,113.54,291.47,572.50
546.21,109.31,291.93,577.87
536.12,95.67,292.50,583.00
524.99,92.60,292.60,587.33
516.84,89.13,291.47,592.47
515.96,83.15,294.00,602.60
520.87,79.16,284.97,586.73
521.91,76.54,283.67,589.00
516.93,72.10,282.60,594.90
508.14,73.40,277.00,589.33
509.54,71.23,275.13,590.70
521.26,61.60,280.20,607.00
525.18,55.78,281.00,615.67
528.87,59.09,274.40,606.07
544.30,68.29,276.00,616.40
548.67,70.04,271.87,613.73
565.46,81.21,273.27,623.97
568.00,98.00,270.00,623.00
569.39,116.55,270.23,623.73
582.72,105.50,280.73,647.80
585.84,111.08,276.30,638.60
586.52,113.94,276.73,639.80
591.37,142.84,268.83,621.00
585.49,132.38,282.40,652.60
591.00,164.32,273.17,631.30
589.49,174.06,278.00,643.00
587.84,188.41,283.10,654.90
596.81,194.21,279.33,647.00
607.80,191.35,283.57,656.43
620.32,202.91,275.20,637.00
644.00,196.55,266.57,617.77
657.68,191.18,265.07,613.93
676.89,177.22,264.00,611.00
689.30,183.12,260.60,603.87
694.84,159.71,267.20,619.87
698.29,167.83,262.20,608.20
702.04,158.96,256.60,595.33
701.29,136.53,260.00,603.67
705.24,145.24,254.00,590.30
693.12,129.55,254.00,590.93
688.93,129.71,255.50,594.57
673.23,117.61,255.40,594.20
670.71,116.01,257.83,600.17
653.11,114.74,260.00,605.47
639.82,120.21,256.60,597.30
641.88,125.40,253.40,589.67
641.15,125.74,254.70,592.83
624.00,125.00,256.00,596.00
623.29,125.52,254.87,597.07
606.26,108.58,253.73,598.13
593.48,119.46,243.60,578.50
578.97,125.98,237.27,567.60
580.42,114.12,233.00,559.83
579.19,119.91,227.40,550.40
563.51,99.13,230.47,560.57
561.25,105.03,224.80,550.93
547.61,85.41,226.30,559.20
544.68,92.44,219.67,547.33
543.08,80.70,220.40,552.10
542.55,75.28,219.00,553.00
532.23,82.19,218.67,555.83
533.97,87.89,213.80,547.73
536.43,96.40,207.50,534.00
535.96,88.24,207.07,536.33
536.35,90.34,204.90,534.33
518.15,90.12,204.60,537.00
517.00,88.06,205.77,543.33
506.51,89.67,204.00,542.33
504.95,87.94,204.90,548.00
505.52,91.91,201.53,542.27
504.69,88.30,200.97,544.23
504.67,90.96,198.80,542.20
501.45,92.04,197.83,543.33
502.67,96.98,194.20,536.73
502.23,83.02,193.90,539.30
485.08,77.71,197.33,552.13
483.97,77.21,197.30,555.37
483.00,77.00,197.00,558.00
483.82,76.67,196.90,559.10
469.77,76.75,196.53,559.40
469.59,60.56,196.30,560.10
465.00,44.90,207.00,591.87
466.02,45.14,206.50,591.83
465.44,40.59,209.20,601.40
466.52,41.03,208.57,600.97
465.77,37.07,211.60,609.33
466.94,37.71,210.80,608.50
466.77,34.35,212.67,615.67
466.00,29.06,215.73,626.70
456.10,27.53,216.40,630.20
449.26,24.53,218.43,636.67
449.60,22.38,219.33,641.40
450.80,31.42,218.50,640.50
431.65,23.38,224.00,658.13
424.13,21.81,225.17,662.83
428.53,31.01,219.20,646.00
416.39,10.62,225.37,667.40
410.47,18.56,227.00,674.67
400.33,19.85,226.10,673.70
399.12,28.79,220.67,657.40
386.81,12.82,222.40,665.07
384.72,13.99,221.20,663.20
368.92, 4.32,227.50,683.00
370.34, 5.06,226.60,682.00
369.95,-2.31,229.30,693.60
371.47,-0.74,228.20,692.13
372.73, 0.13,227.60,692.07
374.00, 1.00,227.00,692.00
374.26, 1.32,227.60,691.10
374.52, 1.64,228.20,690.20
375.03, 2.61,228.30,688.00
377.10,24.27,225.27,674.53
375.71,18.17,229.17,685.33
375.06,15.52,231.60,689.20
375.82,20.74,231.20,685.70
382.27,26.21,228.87,674.53
383.05,26.31,229.60,674.10
396.25,28.59,228.67,669.33
403.89,31.29,227.40,663.70
415.28,42.25,227.80,662.40
431.99,38.25,230.47,669.03
448.65,34.70,233.40,674.73
456.59,31.88,236.00,679.00
465.02,20.47,238.13,683.73
474.02,17.82,241.10,688.83
474.99,18.64,241.40,687.00
474.38,15.35,244.87,693.40
475.27,15.95,245.33,692.00
475.02,13.76,248.10,696.20
460.66, 8.76,252.53,706.00
457.20,10.30,252.30,702.73
443.16, 9.97,253.40,703.20
439.74, 8.48,255.33,706.00
421.90, 7.45,256.80,707.87
402.11, 1.29,262.10,720.00
385.49, 1.19,263.07,720.00
384.87, 1.69,264.03,720.00
367.00, 1.00,265.00,720.00
347.12, 0.44,267.60,718.37
327.17,-0.12,270.20,716.73
307.15,-0.69,272.80,715.10
287.05,-1.25,275.40,713.47
284.92,-2.89,279.17,714.00
264.56,-3.67,282.00,712.80
247.89,-6.08,286.47,714.87
241.36,-7.09,289.53,714.13
220.60,-8.11,292.60,713.40
218.67,-9.12,295.67,712.67
205.07,-10.13,298.73,711.93
195.78,-11.14,301.80,711.20
193.80,-12.15,304.87,710.47
184.44,-13.17,307.93,709.73
172.96,-14.18,311.00,709.00
162.17,-15.19,314.07,708.27
149.31,-16.20,317.13,707.53
144.98,-21.41,324.40,715.20
142.62,-22.66,327.70,714.93
142.61,-19.24,326.33,705.33
137.92,-25.15,334.30,714.40
150.33,-26.39,337.60,714.13
148.64,-27.64,340.90,713.87
166.75,-28.88,344.20,713.60
168.04,-24.30,341.67,701.67
166.53,-25.31,344.73,700.93
168.17,-2.08,341.50,687.60
166.95,-0.52,344.00,685.47
165.39,17.97,347.17,685.20
164.00,37.00,350.00,684.00
164.90,56.53,350.17,684.50
162.53,49.81,356.87,698.07
178.51,63.65,363.10,710.70
184.19,69.06,357.67,700.00
202.86,67.55,362.50,709.83
203.99,68.50,362.20,709.40
227.72,74.81,356.53,698.23
248.65,75.52,356.47,698.27
247.20,71.33,361.30,708.10
247.16,69.94,363.33,712.33
248.16,70.65,363.27,712.37
252.67,78.36,356.20,698.40
253.68,79.07,356.13,698.43
252.82,66.76,359.80,705.93
235.78,70.54,356.00,698.50
238.65,74.06,352.20,691.60
242.81,80.17,345.83,679.50
227.65,67.44,339.00,666.00
226.48,50.93,343.27,674.43
229.41,47.60,339.33,667.00
233.29,34.35,333.50,654.80
239.87,45.42,322.27,632.73
221.88,30.90,322.23,632.77
205.89,26.29,325.80,640.80
201.12,15.51,336.00,661.17
206.59,22.62,325.73,640.80
223.84, 2.93,326.30,642.10
225.76, 2.29,326.87,643.40
244.30, 1.64,327.43,644.70
245.00, 1.00,328.00,646.00
245.66, 1.06,326.63,647.07
246.48,19.38,324.93,647.27
243.82,12.52,330.20,660.90
267.00,18.65,321.87,648.53
283.98,12.87,326.17,660.00
307.49,17.92,318.80,649.80
329.45,22.54,312.67,640.47
336.44,25.14,312.67,645.00
340.39,31.26,304.20,633.90
319.65,26.52,301.67,632.00
302.24,27.69,299.10,629.53
279.91, 0.75,306.00,645.80
280.46, 0.17,304.67,646.87
259.46,-6.90,308.87,660.93
241.21,-7.48,307.50,662.00
217.18,-14.82,312.60,676.60
217.68,-15.41,311.20,677.70
199.19,-16.00,309.80,678.80
179.57,-18.98,310.60,684.67
165.70,-24.02,313.00,694.67
159.76,-24.63,311.60,695.80
140.24,-27.10,312.07,700.67
145.54,-27.48,310.43,701.33
164.04,-29.15,310.20,704.60
162.26,-18.26,312.17,714.33
143.45,-17.31,309.80,713.60
144.33,-8.64,302.60,701.30
142.87,-16.91,307.87,717.73
161.30, 0.98,306.43,718.87
181.00, 1.00,305.00,720.00
198.65, 1.21,304.90,717.30
197.14, 1.42,304.80,714.60
217.27,25.00,299.30,699.30
213.46,19.14,303.80,707.47
211.54,20.93,304.50,706.50
212.43,41.89,299.60,692.60
212.87,35.85,304.30,701.10
212.77,37.15,302.60,694.93
225.39,42.45,302.30,691.80
225.96,60.15,298.00,679.33
220.33,50.47,306.10,695.07
226.22,57.32,306.20,692.80
238.66,62.91,301.10,679.27
238.82,67.03,297.60,668.67
247.99,80.07,294.50,659.00
253.10,72.83,300.20,669.87
251.63,72.59,299.90,666.73
261.22,72.35,299.60,663.60
258.47,68.00,303.10,668.70
259.90,58.88,311.00,683.33
262.31,80.39,302.90,663.30
255.61,80.57,302.80,660.60
255.36,82.38,301.30,654.63
254.31,82.33,301.40,652.40
253.76,83.44,300.50,647.83
254.48,83.15,300.80,646.07
252.86,82.86,301.10,644.30
251.24,83.83,301.40,642.53
249.42,82.45,302.10,641.70
248.00,82.00,302.00,639.00
248.10,82.02,302.00,639.21
248.21,82.03,302.00,639.41
248.62,82.72,301.38,638.28
248.83,82.97,301.17,638.03
249.03,83.21,300.97,637.79
249.24,83.45,300.76,637.55
249.45,83.69,300.55,637.31
249.66,83.93,300.34,637.07
249.86,84.17,300.14,636.83
250.07,84.41,299.93,636.59
250.28,84.66,299.72,636.34
250.48,84.90,299.52,636.10
250.69,85.14,299.31,635.86
250.90,85.38,299.10,635.62
251.10,85.62,298.90,635.38
251.31,94.21,298.69,635.14
250.28,91.12,300.97,640.28
250.59,90.94,300.55,639.59
250.90,90.77,300.14,638.90
251.21,90.59,299.72,638.21
251.52,90.41,299.31,637.52
251.83,90.24,298.90,636.83
252.14,90.06,298.48,636.14
252.45,89.88,298.07,635.45
252.76,89.71,297.66,634.76
253.07,89.53,297.24,634.07
253.38,89.35,296.83,633.38
253.69,89.18,296.41,632.69
254.00,89.00,296.00,632.00
