101.00,93.00,201.00,151.00
100.36,92.61,201.67,150.80
101.58,93.63,198.60,147.80
100.87,93.19,199.40,147.70
98.10,85.55,204.33,150.60
94.96,83.58,210.00,154.00
94.65,92.72,210.00,153.40
96.78,96.33,200.70,145.70
95.07,98.11,202.87,146.60
92.48,103.06,206.80,148.60
89.76,110.65,211.00,151.00
87.17,112.99,214.93,153.20
83.51,116.71,221.00,157.00
78.75,123.85,229.27,161.70
69.20,126.39,236.73,166.73
66.02,129.60,242.50,169.50
61.23,130.40,240.60,167.67
67.10,131.09,239.03,166.03
66.42,131.08,239.80,165.80
65.73,131.08,240.57,165.57
68.93,131.57,240.00,164.33
66.11,130.46,244.40,166.30
64.95,130.35,245.47,166.27
55.98,130.25,246.53,166.23
52.55,130.14,247.60,166.20
53.13,131.03,245.17,164.17
51.77,130.83,246.60,164.33
50.83,130.87,247.20,164.00
49.88,130.91,247.80,163.67
48.94,130.96,248.40,163.33
48.00,131.00,249.00,163.00
48.03,131.17,247.07,163.20
41.21,132.83,240.20,160.40
43.80,134.35,233.80,157.90
45.80,135.77,228.60,155.60
40.78,133.33,234.50,161.00
28.68,131.10,240.60,166.00
35.21,129.83,242.20,169.07
35.51,130.17,239.80,168.93
28.61,130.50,237.40,168.80
27.59,129.83,238.33,170.67
29.05,130.77,234.30,169.33
30.44,131.80,230.40,167.80
31.29,132.28,227.60,167.37
33.46,129.60,222.13,165.33
35.47,130.75,217.00,163.00
36.15,130.83,214.53,162.80
45.21,130.07,213.77,164.30
40.40,129.80,211.80,164.80
40.54,129.73,209.73,164.90
37.30,129.67,207.67,165.00
40.80,129.60,205.60,165.10
40.94,129.53,203.53,165.20
38.71,129.47,201.47,165.30
39.18,129.40,199.40,165.40
39.65,129.33,197.33,165.50
40.12,129.27,195.27,165.60
40.59,129.20,193.20,165.70
41.06,129.13,191.13,165.80
41.53,129.07,189.07,165.90
42.00,129.00,187.00,166.00
41.70,129.09,189.27,165.87
42.07,137.50,191.20,165.53
38.51,135.20,200.50,171.60
42.15,138.53,195.40,165.07
45.10,148.30,191.67,159.83
43.32,148.61,197.40,162.80
44.94,156.76,196.33,159.77
40.40,155.11,202.20,162.73
40.25,158.62,204.00,161.50
39.67,158.71,206.67,161.67
39.08,158.80,209.33,161.83
39.50,159.49,210.00,160.80
40.08,160.28,210.33,159.57
35.14,155.76,212.67,159.53
35.00,155.62,215.00,159.50
34.17,154.77,218.73,160.87
33.22,154.02,222.70,162.03
38.22,154.88,221.80,160.00
38.73,155.43,222.27,158.57
36.77,154.39,227.67,160.33
35.79,152.08,231.10,161.10
34.95,151.55,234.27,161.67
34.71,159.20,236.23,161.33
34.86,159.76,237.40,160.40
34.55,159.97,239.50,160.17
34.24,160.17,241.60,159.93
33.93,160.38,243.70,159.70
33.62,160.59,245.80,159.47
33.31,160.79,247.90,159.23
33.00,161.00,250.00,159.00
36.72,161.04,245.30,158.97
40.43,161.08,240.60,158.93
44.05,160.97,236.10,159.20
47.86,161.16,231.20,158.87
51.58,160.09,226.50,158.83
55.29,159.91,221.80,158.80
59.01,159.73,217.10,158.77
62.72,157.77,212.40,158.73
66.14,156.92,208.30,159.60
70.15,156.97,203.00,158.67
75.82,158.07,194.40,155.63
79.49,151.69,189.80,155.60
85.87,151.60,179.77,149.97
87.74,149.34,173.00,148.13
93.00,145.07,168.00,149.50
91.81,140.06,164.87,151.27
91.54,135.32,160.73,151.53
86.50,118.40,163.40,157.20
84.51,117.35,160.13,159.17
78.06,117.44,152.67,156.33
80.97,106.37,149.70,158.60
78.49,94.14,147.60,161.07
78.50,79.54,145.53,166.10
76.25,86.79,141.60,166.80
80.00,70.51,136.67,165.50
85.79,65.55,127.67,159.53
87.81,57.47,126.20,162.60
91.89,57.96,119.33,160.27
90.65,66.86,111.30,154.83
88.00,66.00,107.00,155.00
87.52,73.58,108.17,152.73
86.67,74.67,109.33,150.47
85.85,82.06,110.80,148.40
74.84,75.25,113.80,148.80
67.82,81.70,116.67,149.00
72.75,82.62,118.20,147.00
80.31,78.75,118.93,144.20
89.03,88.60,117.13,137.40
88.53,96.54,118.40,135.20
70.10,129.17,121.67,135.67
71.72,134.69,125.30,135.70
72.03,140.36,132.40,137.60
71.07,145.89,137.67,139.40
95.47,161.35,139.33,137.20
91.89,161.91,140.00,133.00
89.49,157.73,145.67,132.73
93.29,148.68,153.13,136.43
111.29,159.66,151.00,132.00
109.06,160.64,149.57,127.47
106.39,148.83,154.67,127.67
124.94,131.14,158.60,126.90
137.39,118.23,161.07,125.87
133.21,116.88,166.70,125.87
133.31,112.02,164.80,121.40
141.79,113.59,161.33,116.33
142.65,121.26,159.87,111.73
139.22,123.22,156.00,105.70
139.04,129.02,157.20,102.87
131.09,131.54,164.47,104.43
117.00,145.00,166.00,102.00
109.93,156.98,166.80,103.00
103.17,162.86,167.87,104.13
88.00,177.02,168.40,105.00
72.34,183.84,171.80,107.73
63.04,195.15,173.67,109.50
53.47,200.77,175.40,111.20
43.68,208.08,176.47,112.40
41.84,215.21,179.40,114.27
34.36,218.55,181.40,116.20
33.28,209.50,183.00,117.67
40.25,196.34,183.67,118.07
48.12,186.46,184.40,119.60
56.61,161.79,182.07,118.40
76.75,133.25,180.67,117.80
93.01,109.94,181.00,118.50
86.96,110.24,177.60,116.53
76.59,94.04,179.40,118.20
86.97,86.56,172.60,114.80
84.58,84.45,176.80,117.40
82.60,83.66,175.67,117.33
82.80,80.99,179.30,120.00
88.36,78.80,182.53,122.87
103.15,77.66,182.97,123.63
111.99,77.72,180.20,122.00
111.41,68.90,181.00,123.00
109.39,65.58,184.67,126.20
109.05,64.68,185.00,126.90
108.70,64.26,185.33,127.60
108.28,63.10,185.80,128.37
108.00,62.00,186.00,129.00
106.76,61.83,187.03,129.17
103.78,60.36,191.53,131.93
102.87,60.44,191.90,131.60
103.29,61.52,189.60,129.27
97.39,64.07,187.17,126.83
94.99,67.29,179.40,120.80
95.68,68.10,177.57,119.57
96.40,69.12,175.67,117.93
87.03,70.90,179.10,119.70
88.14,72.89,176.33,116.67
87.89,77.98,176.30,116.03
82.89,78.05,177.60,116.40
82.19,78.03,178.93,116.93
82.18,78.54,178.87,116.40
82.07,78.98,179.00,116.00
81.86,79.36,179.33,115.73
79.31,80.09,178.90,114.77
81.14,84.85,180.60,115.40
85.09,86.31,177.23,113.50
85.46,94.84,176.00,112.00
87.05,95.34,182.90,115.90
84.40,94.41,188.20,118.47
83.60,102.15,189.80,119.03
81.50,101.27,194.00,121.60
78.92,100.48,199.17,124.00
76.40,99.31,204.20,127.13
75.30,99.24,206.40,128.10
74.20,99.16,208.60,129.07
73.10,99.08,210.80,130.03
72.00,99.00,213.00,131.00
71.38,97.38,211.17,132.80
70.76,96.33,209.33,134.60
68.34,93.65,211.10,139.10
67.98,92.63,208.73,140.27
67.48,98.69,206.67,141.83
67.27,97.48,204.00,142.80
68.70,97.64,198.07,141.03
69.70,97.30,193.00,140.27
71.96,97.56,185.40,138.30
68.62,94.32,189.00,143.33
65.55,90.93,192.07,148.67
63.65,88.94,192.80,151.20
64.74,93.09,187.53,151.33
67.86,89.64,187.33,156.20
73.24,88.98,181.50,155.50
69.69,89.69,185.53,161.20
74.85,89.24,181.87,160.63
78.03,91.03,173.00,155.60
82.19,90.45,168.07,155.30
84.26,86.04,171.67,162.67
85.21,89.52,172.40,166.00
84.64,88.24,170.47,167.67
93.28,89.99,163.00,163.27
93.42,90.62,160.20,164.40
91.85,89.11,160.83,169.33
92.78,89.32,156.47,167.60
92.46,87.87,154.60,169.20
93.54,87.81,149.93,168.00
93.34,86.46,147.83,169.40
93.00,85.00,146.00,171.00
93.01,93.78,147.40,170.27
95.55,97.72,143.73,163.40
92.83,95.38,150.60,169.10
95.84,107.30,146.00,161.73
100.22,105.46,151.83,166.50
100.09,114.39,153.00,165.60
107.09,114.81,155.80,165.87
107.41,116.42,156.07,163.73
113.18,115.14,161.90,167.40
110.60,113.55,168.00,171.67
118.76,114.41,169.60,171.03
119.36,108.04,169.40,168.00
118.17,107.69,172.77,169.73
117.05,107.71,176.00,170.73
108.11,104.40,177.50,170.00
108.20,100.91,178.27,169.00
108.04,101.91,179.53,168.00
106.69,101.71,183.20,169.40
106.24,103.37,183.50,167.07
104.71,103.24,187.67,168.33
103.04,103.00,192.10,169.80
102.70,103.77,193.87,169.27
105.08,106.37,190.20,165.07
103.02,105.70,195.40,167.40
100.94,114.12,200.67,169.67
100.17,115.09,202.13,168.73
100.27,116.27,203.30,167.40
100.18,117.18,204.87,166.60
100.09,118.09,206.43,165.80
100.00,119.00,208.00,165.00
99.20,119.71,209.07,165.13
98.56,120.52,209.80,165.07
97.84,121.29,210.70,165.10
98.43,120.73,211.60,165.13
98.04,121.17,212.50,165.17
97.15,121.30,214.40,165.80
95.14,120.53,218.53,168.23
90.76,118.00,227.40,174.20
89.67,117.90,229.70,175.30
76.27,116.00,236.67,180.00
77.57,117.50,234.17,177.90
79.20,119.40,231.00,175.00
79.00,120.01,231.50,174.67
76.39,118.76,236.80,178.07
73.84,117.75,242.00,181.00
65.17,129.52,239.20,178.60
66.45,131.06,236.73,176.40
57.15,129.61,243.60,180.20
58.60,127.36,252.80,185.60
49.20,132.96,258.00,189.00
38.26,133.85,258.70,188.80
33.07,143.95,263.07,190.80
24.17,144.33,265.10,191.63
23.46,156.39,262.80,189.80
16.69,159.08,259.00,186.00
18.03,163.02,255.53,182.47
16.68,173.16,255.40,181.60
 9.45,176.47,250.60,177.93
13.70,190.62,240.63,170.20
 4.00,192.00,240.00,169.00
 6.97,189.48,236.47,169.53
10.11,196.51,232.60,169.60
 8.42,197.70,220.80,163.60
13.69,196.14,213.33,162.07
16.56,193.18,210.67,163.33
30.32,184.10,204.40,161.80
32.69,182.53,202.63,164.63
31.86,179.64,207.27,171.33
33.43,176.18,207.10,175.30
44.24,173.19,207.33,178.33
60.24,160.58,206.27,181.83
69.69,153.83,202.60,180.40
78.13,183.81,195.37,177.67
92.75,168.30,187.13,174.60
102.07,148.32,189.50,181.00
111.96,127.96,183.53,180.67
118.81,112.99,184.00,185.27
126.59,95.39,181.20,187.20
131.16,77.40,182.30,195.73
131.27,63.67,184.67,201.00
132.14,49.98,185.50,206.30
133.41,40.77,190.87,221.07
135.48,30.69,188.63,223.43
138.06,18.32,185.40,225.20
142.55,19.14,178.33,219.33
147.94,20.12,169.47,213.13
152.78,20.62,161.70,207.90
153.49, 6.86,162.20,213.60
155.81, 4.00,159.47,215.17
158.00, 1.00,157.00,217.00
156.85, 2.97,157.93,214.67
152.48,-8.06,164.20,220.53
151.37,-5.72,164.50,217.50
155.36, 3.89,154.60,199.93
152.45, 3.93,158.50,201.50
151.03, 4.28,159.40,199.20
148.47, 4.45,162.60,199.97
146.58, 5.82,164.47,198.33
145.75, 6.75,164.20,195.10
135.84, 8.38,165.00,192.67
135.45,11.28,163.90,187.70
135.07, 9.84,162.80,181.20
130.45,13.27,160.60,175.73
125.42,14.91,161.80,173.87
123.89,24.80,163.00,172.00
117.74,25.12,165.40,172.73
112.58,28.04,165.40,168.27
111.97,38.79,164.80,164.60
107.20,45.11,172.53,169.73
104.90,46.80,175.33,167.67
100.27,50.45,177.60,167.70
100.89,54.00,175.13,162.20
99.65,55.75,176.37,160.30
98.71,57.90,177.00,157.60
96.01,58.58,181.17,157.83
94.81,60.43,182.33,155.73
95.16,63.30,180.40,151.60
93.77,64.87,181.93,150.07
92.39,66.43,183.47,148.53
91.00,68.00,185.00,147.00
92.78,66.52,182.43,148.87
94.57,65.04,179.87,150.73
86.25,62.41,180.70,154.90
88.16,61.05,177.93,156.53
91.90,61.27,171.50,155.00
94.64,61.13,165.60,154.20
97.24,60.41,161.20,154.53
98.84,58.90,158.80,156.47
101.34,59.19,154.60,154.80
103.38,58.38,151.33,155.33
103.80,55.61,151.30,159.77
102.75,51.75,154.20,166.40
99.80,50.52,151.30,167.77
103.73,48.36,149.33,171.00
106.18,38.97,145.50,173.00
111.81,42.99,135.33,163.93
111.90,39.12,136.23,170.63
121.34,33.49,133.60,172.20
122.44,28.36,132.43,174.87
133.64,29.48,126.00,171.67
135.08,28.38,124.10,172.90
137.56,27.68,120.13,173.33
139.43,26.53,117.37,174.67
142.40,27.29,112.40,172.20
145.09,27.82,108.00,170.17
146.98,26.76,105.20,171.33
148.87,25.69,102.40,172.50
151.69,26.03,97.73,170.87
147.03,25.01,94.87,171.93
149.00,24.00,92.00,173.00
149.09,24.03,93.23,172.60
149.18,24.07,94.47,172.20
140.61,20.95,99.30,178.10
140.75,21.10,100.40,177.47
141.73,22.91,99.83,173.50
140.20,22.60,101.40,173.80
134.94,22.61,102.63,173.43
134.60,22.23,104.67,173.87
134.60,22.20,106.00,173.60
133.95,20.83,108.67,176.00
133.44,20.31,111.03,176.70
136.59,18.30,114.40,180.40
134.49, 8.50,119.50,184.83
133.65, 7.33,122.07,186.80
136.21, 5.29,126.00,190.50
128.31, 5.25,127.47,190.20
129.12, 6.94,127.20,186.43
127.61, 5.26,131.60,189.40
120.33, 6.19,131.57,187.17
116.38, 4.08,136.00,191.00
116.65, 4.24,137.20,190.30
108.74, 4.43,138.53,189.53
98.77, 4.03,140.47,189.97
95.69, 1.62,145.20,194.40
85.91,-0.96,152.17,201.50
86.97, 9.18,149.40,195.67
77.68,10.48,148.80,192.80
66.41,10.06,150.80,193.40
58.20,10.03,152.40,193.20
58.00,10.00,154.00,193.00
49.47,12.17,153.30,191.43
37.06,20.63,155.27,193.40
21.14,21.36,157.30,195.50
13.15,25.13,154.20,190.60
12.90,35.39,154.00,189.50
 4.00,39.01,151.00,184.80
-4.50,40.61,150.97,184.13
-7.56,41.05,152.73,185.80
-17.12,49.95,154.30,187.20
-18.21,50.61,155.67,188.33
-24.80,51.96,156.73,188.10
-19.82,64.09,152.40,182.60
-25.22,64.90,153.47,183.33
-23.62,76.09,151.13,179.53
-22.87,78.23,150.50,177.50
-23.02,83.23,151.67,177.80
-20.11,86.91,147.93,173.20
-14.83,94.24,146.20,170.20
-8.69,101.92,144.67,167.47
-5.76,108.29,146.33,168.33
-4.96,124.44,151.20,172.70
 5.17,127.18,148.87,169.53
14.28,123.44,147.93,167.53
15.65,122.28,149.00,168.20
 6.60,114.96,151.17,169.50
 8.13,118.30,147.93,165.27
 8.17,120.06,147.70,164.20
 8.10,121.68,147.67,163.40
 0.82,121.69,150.33,165.23
 1.00,116.00,150.00,164.00
