23.00,72.00,47.00,111.00
19.52,76.94,46.80,111.04
19.34,75.99,47.68,113.24
23.97,73.12,46.64,111.60
24.30,73.25,46.52,112.28
24.42,75.99,46.80,113.40
24.82,72.16,46.52,113.40
25.49,72.75,45.72,112.36
26.40,71.10,47.00,115.80
24.81,69.86,48.00,118.40
21.15,69.63,47.80,119.00
21.06,68.74,48.44,120.92
25.19,67.73,48.96,123.08
25.17,66.89,49.52,124.88
20.50,66.58,49.56,125.64
22.86,70.07,50.60,128.80
23.72,71.02,49.64,127.16
19.59,71.66,50.04,128.64
23.31,68.31,52.16,135.28
23.50,67.56,52.52,136.72
24.67,67.09,52.60,137.60
29.41,68.28,51.52,135.16
30.56,69.79,50.00,132.08
31.74,70.82,49.08,129.96
36.18,74.69,49.08,130.56
41.00,79.00,49.00,131.00
45.58,78.96,48.68,130.88
49.76,77.65,49.28,133.28
50.99,84.65,47.80,129.68
56.24,93.46,44.56,121.88
61.52,98.38,43.40,119.60
69.57,101.39,41.80,114.96
69.96,105.06,41.16,114.24
73.84,105.78,41.00,114.80
77.41,102.79,41.64,117.76
80.93,101.24,42.60,120.40
80.98,100.57,42.68,121.28
84.91,98.79,43.08,124.36
89.35,93.87,42.44,123.68
94.07,90.12,42.32,122.72
95.56,88.43,42.80,125.60
95.59,83.21,42.72,126.04
91.34,82.37,42.96,127.12
91.74,85.61,42.12,126.04
91.80,85.35,41.96,126.32
90.66,84.28,42.60,128.20
87.37,80.48,42.48,128.56
91.56,81.01,41.36,126.92
91.30,83.36,42.16,129.12
86.99,77.54,43.08,132.52
87.00,77.00,43.00,133.00
84.78,76.64,43.12,136.36
78.09,74.91,44.16,142.48
76.06,70.78,44.24,145.72
69.88,73.54,45.16,150.64
68.55,74.48,44.20,151.40
63.41,75.72,44.24,154.48
59.19,78.78,44.72,157.88
58.05,83.65,44.32,160.64
59.06,84.52,43.72,161.80
57.35,81.14,44.20,166.60
59.13,82.07,43.20,167.16
57.25,84.19,42.44,165.32
54.14,86.82,42.56,168.68
53.38,87.05,42.12,171.12
54.55,88.15,41.60,171.80
54.09,89.06,41.36,172.88
56.83,85.96,42.32,179.24
56.36,85.79,42.56,182.80
55.66,84.59,43.24,188.44
53.94,83.02,44.20,194.80
54.12,84.66,43.48,194.76
53.56,88.94,44.24,200.84
53.88,91.08,43.24,199.88
59.04,83.74,44.08,206.28
59.00,84.00,44.00,209.00
58.06,83.55,44.60,209.24
56.66,81.27,46.12,213.16
55.30,79.14,47.56,216.76
54.40,78.85,48.08,216.68
53.40,78.17,48.80,217.40
52.48,77.80,49.36,217.48
51.64,79.49,49.76,217.20
51.16,85.35,49.44,213.48
50.36,85.49,49.76,212.60
49.90,87.00,49.40,209.00
48.50,78.58,50.92,212.92
47.96,79.98,50.72,209.48
46.78,78.33,51.80,212.12
45.56,80.43,52.96,214.60
44.60,80.17,53.60,215.00
44.28,82.78,52.96,209.64
43.02,81.00,54.20,213.08
43.69,76.24,54.08,209.72
41.83,72.71,56.16,216.60
40.69,72.43,56.80,217.00
39.14,70.46,58.28,220.76
37.98,70.10,58.96,221.32
36.82,69.73,59.64,221.88
36.12,71.21,59.40,218.76
35.00,71.00,60.00,219.00
34.61,71.08,60.40,218.84
34.30,70.78,60.64,218.36
33.52,62.97,61.84,221.56
33.61,64.89,61.28,217.72
33.26,65.05,61.60,217.40
33.79,62.60,60.16,209.28
37.63,62.13,61.52,213.88
36.01,63.69,63.88,220.44
37.47,66.55,62.52,214.68
37.32,74.54,62.20,211.80
36.85,81.24,62.52,211.48
36.66,82.77,62.28,208.40
42.93,77.15,62.20,206.52
42.28,76.23,62.92,208.28
41.34,81.01,64.20,211.80
41.27,82.83,63.76,208.08
40.61,82.13,64.48,209.40
40.38,82.55,64.36,208.48
40.21,83.85,64.12,205.80
39.47,83.31,65.00,206.80
38.98,83.25,65.40,206.84
38.48,83.18,65.80,206.88
37.99,83.12,66.20,206.92
37.49,83.06,66.60,206.96
37.00,83.00,67.00,207.00
37.06,76.48,67.04,207.20
36.66,74.18,68.00,211.08
36.74,74.07,68.00,211.12
37.40,75.96,66.84,207.16
37.60,76.25,66.60,206.40
37.22,80.91,67.52,210.28
37.70,82.30,66.72,207.28
38.30,84.18,65.68,203.32
38.40,84.06,65.64,203.36
38.20,76.19,66.20,205.80
38.54,77.03,65.68,203.92
38.44,82.60,66.04,205.56
38.80,83.52,65.48,203.52
38.90,83.39,65.44,203.56
39.30,84.46,64.80,201.20
40.06,85.70,63.44,198.52
40.22,85.73,63.28,198.24
39.66,84.32,64.56,200.84
39.28,80.69,65.48,204.72
37.95,81.86,65.60,205.40
39.49,82.21,65.32,204.48
39.68,82.40,65.12,203.88
39.79,82.27,65.08,203.92
39.89,82.13,65.04,203.96
40.00,82.00,65.00,204.00
39.76,82.03,65.28,204.40
39.52,82.06,65.56,204.80
39.28,82.08,65.84,205.20
39.04,82.11,66.12,205.60
38.90,82.54,66.20,205.20
38.56,82.17,66.68,206.40
38.32,82.19,66.96,206.80
38.08,82.22,67.24,207.20
37.84,75.62,67.52,207.60
37.60,75.63,67.80,208.00
37.58,76.52,67.64,206.64
37.12,72.39,68.36,208.80
37.38,71.07,67.64,205.20
36.70,72.20,68.80,209.12
36.40,69.10,69.20,210.00
35.84,67.81,70.12,212.96
35.58,67.72,70.44,213.52
35.32,67.63,70.76,214.08
35.44,69.06,70.32,211.60
35.20,69.05,70.60,212.00
34.96,69.04,70.88,212.40
34.28,67.27,72.04,216.32
34.48,69.02,71.44,213.20
34.22,68.93,71.76,213.76
34.00,69.00,72.00,214.00
33.86,68.47,72.24,214.28
32.29,63.59,75.32,223.24
32.19,56.91,75.48,223.36
33.35,59.37,73.12,215.92
33.19,58.73,73.40,216.40
33.14,58.69,73.44,215.68
34.08,67.84,71.52,210.20
33.04,65.00,73.56,215.12
32.54,63.02,74.52,218.32
32.87,64.60,73.80,214.40
33.15,64.88,73.20,213.08
36.42,60.83,73.40,213.36
39.84,56.91,73.60,213.64
46.95,57.50,73.24,211.68
45.77,53.85,75.60,218.20
52.71,53.32,75.84,218.48
60.35,54.15,74.72,216.04
67.30,53.70,74.88,216.16
74.74,62.24,74.04,212.28
74.69,70.15,74.20,212.40
81.19,68.11,75.20,215.88
80.73,63.95,77.80,223.60
87.30,58.23,77.44,220.12
81.32,52.74,75.80,216.72
81.00,52.00,76.00,217.00
81.07,52.00,75.68,217.08
74.72,58.69,75.20,216.76
73.30,57.26,76.80,220.76
66.22,64.12,76.56,221.32
60.61,64.10,76.20,221.40
59.22,70.70,76.08,222.44
52.34,71.15,75.48,221.56
52.47,71.12,75.12,221.64
46.03,71.65,73.84,220.60
41.87,75.69,73.60,221.00
35.50,72.42,72.80,219.16
31.64,72.15,72.60,219.72
28.25,64.93,72.36,220.12
21.84,58.94,71.52,218.12
23.06,61.62,69.40,212.80
18.88,60.49,69.60,215.08
18.30,54.27,70.56,218.36
22.96,52.54,70.96,221.32
24.97,50.47,70.68,221.56
30.36,49.97,70.80,222.60
36.72,46.18,72.96,230.24
46.46,55.27,70.96,226.28
45.86,59.88,72.48,231.12
54.66,71.15,69.36,222.92
55.00,78.00,69.00,223.00
55.04,78.14,68.96,222.96
62.47,88.21,67.92,218.92
62.01,92.93,68.88,222.88
60.70,89.72,71.52,231.04
61.68,92.29,69.60,226.00
61.86,92.91,69.28,224.84
61.50,97.13,70.04,226.68
61.33,96.47,70.40,227.52
61.91,99.86,69.28,225.20
62.27,105.36,68.60,222.60
59.19,102.62,70.24,227.60
58.84,97.93,70.56,229.12
59.45,96.71,68.96,224.40
56.22,96.57,68.88,224.20
51.92,95.23,69.40,226.40
51.72,95.39,69.44,225.60
48.33,96.98,71.32,231.32
44.73,95.90,68.56,223.40
43.29,97.28,67.72,220.16
37.38,93.70,68.80,224.00
36.15,88.15,68.64,223.60
29.95,92.71,69.12,226.12
30.26,95.17,68.16,222.40
30.13,95.03,68.08,222.20
30.00,88.00,68.00,222.00
29.83,81.13,68.44,222.20
29.70,81.32,68.80,222.08
29.49,81.18,69.32,222.60
22.93,83.20,68.76,218.80
22.35,81.62,70.00,222.20
23.90,74.77,70.40,222.24
22.02,74.86,70.80,222.28
14.49,75.88,71.88,225.04
14.70,77.06,71.52,223.48
20.79,76.02,73.60,229.20
 5.34,97.03,72.96,224.68
 5.18,97.21,73.32,224.56
19.87,81.51,73.72,224.60
18.50,78.71,76.40,230.40
10.30,71.33,77.00,231.00
10.48,69.48,76.68,229.84
 7.35,63.06,78.52,233.48
 1.41,60.77,80.36,238.20
 1.77,70.08,79.64,234.36
-5.22,78.76,79.00,231.80
-5.44,78.84,79.40,231.84
-5.53,79.21,79.56,231.28
 2.86,83.33,77.28,223.24
 1.20,71.93,80.60,231.96
 1.00,72.00,81.00,232.00
-5.71,71.83,80.64,232.12
-13.93,65.24,83.04,240.52
-14.16,62.84,84.32,244.68
-12.48,58.91,81.76,239.40
-11.30,67.10,80.20,234.80
-8.94,67.00,79.64,234.36
 6.42,58.30,79.08,233.92
 6.88,57.57,78.88,234.92
-3.60,77.69,77.60,231.60
-3.38,84.38,77.40,232.60
-8.38,87.62,77.28,234.36
-8.36,85.26,78.20,238.44
-3.87,78.04,77.28,235.96
-6.47,80.06,74.84,231.44
-8.61,71.42,74.40,231.40
 2.85,64.75,73.96,231.36
 2.86,65.60,74.88,234.04
-0.90,75.00,73.08,231.28
 4.61,72.29,73.12,232.44
 5.97,69.74,74.20,237.40
-0.47,80.18,73.12,233.72
 8.30,77.71,70.20,226.12
 9.05,85.50,69.04,222.80
17.31,77.55,69.40,226.04
25.00,77.00,69.00,226.00
24.50,77.27,69.38,225.96
32.33,99.65,69.75,225.92
51.99,91.00,71.12,230.88
45.89,94.42,71.33,230.00
40.05,96.95,71.08,226.83
50.87,87.83,73.75,235.25
54.95,88.49,75.29,238.00
47.03,99.70,73.33,230.33
54.11,94.46,72.25,227.25
49.69,93.43,71.92,223.92
39.05,93.51,72.21,223.71
26.10,93.58,72.50,223.50
25.72,85.82,72.79,223.29
24.45,74.53,74.83,228.33
31.29,68.13,74.88,227.00
31.66,70.31,73.67,222.67
33.32,68.40,73.96,222.46
37.97,63.49,74.25,222.25
44.32,55.39,75.92,224.38
52.88,46.57,74.83,221.83
51.30,45.21,76.88,225.12
42.50,56.15,75.42,221.42
57.42,49.83,75.71,221.21
57.00,50.00,76.00,221.00
