310.00,86.00,115.00,208.00
310.68,85.81,114.10,208.00
311.36,85.63,113.20,208.00
312.05,85.44,112.30,208.00
312.73,85.26,111.40,208.00
313.41,85.07,110.50,208.00
314.09,84.88,109.60,208.00
314.78,84.70,108.70,208.00
315.46,86.45,107.80,208.00
310.93,87.10,106.30,206.80
317.77,88.56,104.00,204.00
314.44,90.81,101.27,199.60
312.80,88.40,100.20,199.20
313.17,87.57,100.00,200.53
313.41,86.47,100.07,202.40
313.97,85.50,99.50,204.00
322.14,85.47,98.47,203.73
322.89,85.43,97.43,203.47
323.65,85.40,96.40,203.20
324.41,85.37,95.37,202.93
325.17,85.33,94.33,202.67
325.93,85.30,93.30,202.40
325.69,83.27,94.27,206.13
325.68,81.70,94.77,208.93
326.10,81.20,94.40,209.60
333.75,82.83,91.67,206.00
334.80,82.87,90.53,205.60
335.85,82.90,89.40,205.20
337.44,82.93,88.27,204.80
338.22,82.97,87.13,204.40
339.00,83.00,86.00,204.00
338.31,82.85,86.53,204.17
337.56,82.56,87.20,204.60
336.84,82.34,87.80,204.90
336.25,82.38,88.13,204.67
334.73,80.56,90.33,208.17
328.08,80.08,91.20,209.00
333.42,80.39,91.27,208.23
332.93,79.90,91.40,209.07
332.36,74.89,91.70,208.70
329.33,73.46,92.00,207.00
325.72,77.24,89.23,199.30
324.99,77.01,89.80,199.60
324.27,76.79,90.37,199.90
323.28,75.50,91.47,202.33
326.05,75.34,92.00,202.50
322.41,76.25,91.47,200.53
321.17,75.03,93.07,202.83
320.46,74.87,93.60,203.00
319.76,74.72,94.13,203.17
319.05,74.56,94.67,203.33
318.35,74.41,95.20,203.50
317.64,74.25,95.73,203.67
316.94,74.09,96.27,203.83
316.33,74.34,96.60,203.20
316.36,75.45,95.67,200.83
314.76,75.36,96.13,200.87
313.47,73.67,98.30,204.10
312.48,71.45,100.80,208.40
311.74,71.22,101.40,208.70
311.00,71.00,102.00,209.00
311.27,70.97,101.83,208.60
311.55,70.93,101.67,208.20
311.10,70.90,101.50,207.80
310.27,69.13,103.07,210.87
310.34,69.17,102.83,210.33
310.40,69.20,102.60,209.80
310.05,69.23,102.37,209.27
310.06,69.27,102.13,208.73
304.40,68.70,102.50,209.40
303.96,67.33,103.67,211.67
304.22,67.37,103.43,211.13
305.49,69.40,101.20,206.60
305.75,69.43,100.97,206.07
306.01,69.47,100.73,205.53
306.28,69.50,100.50,205.00
306.07,68.60,101.20,206.33
301.71,67.57,102.03,207.93
298.63,67.60,101.80,207.40
299.55,68.90,100.30,204.33
299.19,67.67,101.33,206.33
299.47,67.70,101.10,205.80
299.75,67.73,100.87,205.27
300.03,67.77,100.63,204.73
300.32,67.80,100.40,204.20
301.43,69.50,98.50,200.33
300.88,67.87,99.93,203.13
301.16,67.90,99.70,202.60
301.44,67.93,99.47,202.07
301.72,67.97,99.23,201.53
302.00,68.00,99.00,201.00
301.95,68.00,98.80,201.27
301.90,68.00,98.60,201.53
295.20,68.00,98.40,201.80
295.40,68.00,98.20,202.07
295.60,68.00,98.00,202.33
295.80,68.00,97.80,202.60
296.00,68.00,97.60,202.87
296.46,68.53,96.87,202.07
301.57,68.00,97.20,203.40
301.52,68.00,97.00,203.67
301.47,68.00,96.80,203.93
296.99,68.00,96.60,204.20
297.19,68.00,96.40,204.47
296.92,67.07,97.13,206.60
296.08,64.75,99.00,211.50
296.18,64.53,99.00,212.20
296.28,64.32,99.00,212.90
296.98,65.30,97.80,211.20
293.96,68.73,94.47,204.60
293.54,68.00,95.00,206.33
293.48,68.00,94.80,206.60
294.16,69.47,93.13,203.93
294.14,69.53,92.87,204.07
291.84,68.00,94.20,207.40
292.04,68.00,94.00,207.67
293.10,69.73,92.07,204.47
294.06,69.80,91.80,204.60
293.55,69.87,91.53,204.73
293.77,69.93,91.27,204.87
294.00,70.00,91.00,205.00
293.67,70.04,91.37,204.63
293.34,70.09,91.73,204.27
293.01,70.13,92.10,203.90
292.69,70.17,92.47,203.53
292.36,70.22,92.83,203.17
291.83,69.86,93.60,203.60
291.47,69.84,94.03,203.37
290.10,67.82,96.47,207.13
288.74,65.79,98.90,210.90
293.36,65.77,99.33,210.67
292.75,65.75,99.77,210.43
292.54,66.52,99.40,208.60
291.96,66.57,99.77,208.23
291.39,66.61,100.13,207.87
286.53,61.63,101.50,210.00
286.24,65.53,101.80,209.47
286.38,66.74,101.23,206.77
286.65,66.49,100.40,204.00
287.73,69.46,97.97,198.03
287.40,69.63,98.33,197.67
287.78,66.08,97.30,194.50
287.75,66.60,97.07,192.93
287.42,66.53,97.43,192.57
285.10,62.45,101.80,200.20
284.61,60.80,102.50,200.50
285.19,59.57,104.27,202.93
284.99,59.88,104.50,202.30
284.66,59.92,105.00,202.20
284.33,59.96,105.50,202.10
284.00,60.00,106.00,202.00
284.09,60.00,106.00,201.87
284.19,60.00,106.00,201.73
284.28,60.00,106.00,201.60
283.51,58.27,107.73,204.93
283.47,58.00,108.00,205.33
283.56,58.00,108.00,205.20
283.66,58.00,108.00,205.07
283.75,58.00,108.00,204.93
283.85,58.00,108.00,204.80
287.78,58.00,108.00,204.67
288.68,60.00,106.00,200.53
288.59,60.00,106.00,200.40
291.74,60.00,106.00,200.27
291.90,60.00,106.00,200.13
292.05,60.00,106.00,200.00
291.67,58.93,107.07,202.00
291.35,58.00,108.00,203.73
291.50,58.00,108.00,203.60
292.29,59.27,106.73,200.93
293.14,60.67,105.33,198.00
293.36,60.80,105.20,197.60
293.85,61.47,104.53,196.13
294.26,62.00,104.00,194.93
293.42,60.00,106.00,198.80
295.67,61.67,104.33,195.33
291.41,61.73,104.27,195.07
297.75,60.00,106.00,198.40
296.90,58.13,107.87,202.00
296.92,58.00,108.00,202.13
297.00,58.00,108.00,202.00
297.31,58.53,107.73,201.70
297.62,59.05,107.47,201.40
298.04,59.78,107.00,200.70
298.65,60.84,106.13,199.33
299.06,60.42,105.67,198.67
299.27,60.50,105.60,198.80
299.65,60.92,105.20,198.27
300.03,61.33,104.80,197.73
300.41,61.75,104.40,197.20
300.79,62.17,104.00,196.67
300.80,62.03,104.33,197.23
300.75,61.60,104.80,198.40
300.49,60.77,105.67,200.37
304.21,61.13,105.33,199.93
300.68,60.50,106.00,201.50
304.91,60.93,105.60,200.93
305.53,61.37,105.20,200.37
305.55,61.00,106.00,201.40
306.22,61.50,105.50,200.70
307.39,62.67,104.00,198.67
308.01,63.10,103.60,198.10
309.95,63.53,103.20,197.53
309.87,60.61,104.33,200.03
305.40,64.40,102.40,196.40
305.83,63.86,102.00,195.83
306.40,64.75,101.33,194.73
306.90,65.51,100.80,193.90
307.33,66.14,100.40,193.33
307.67,66.57,100.20,193.17
308.00,67.00,100.00,193.00
307.59,66.73,100.07,193.10
307.18,66.47,100.13,193.20
307.67,68.00,98.40,189.70
307.22,67.67,98.53,189.93
305.94,65.67,100.33,193.50
305.53,65.40,100.40,193.60
305.12,65.13,100.47,193.70
305.44,66.33,99.07,190.87
305.30,66.60,98.60,189.90
304.89,66.33,98.67,190.00
303.85,64.80,100.00,192.63
303.47,64.60,100.00,192.60
303.09,64.40,100.00,192.57
302.71,64.20,100.00,192.53
301.83,63.00,101.00,194.50
300.89,61.67,102.13,196.73
300.45,61.33,102.27,196.97
300.00,61.00,102.40,197.20
300.19,61.93,101.27,194.90
299.78,61.67,101.33,195.00
299.91,61.40,101.40,195.10
304.81,61.13,101.47,195.20
304.35,60.40,102.00,196.23
304.16,60.20,102.00,196.20
303.13,58.33,103.67,199.50
302.91,58.07,103.73,199.60
302.68,57.80,103.80,199.70
302.89,57.40,104.00,200.07
302.48,57.27,103.93,199.90
302.00,57.00,104.00,200.00
301.90,57.00,104.17,199.93
301.80,57.00,104.33,199.87
301.60,56.80,104.70,200.20
301.47,56.73,104.93,200.27
301.33,56.67,105.17,200.33
301.20,56.60,105.40,200.40
300.30,55.00,107.17,203.53
300.20,55.00,107.33,203.47
300.80,56.40,106.10,200.60
304.75,54.33,108.33,204.67
303.73,53.00,109.83,207.27
302.78,51.80,111.20,209.60
303.46,53.87,109.30,205.40
303.13,53.93,109.40,205.20
298.96,54.00,109.50,205.00
298.43,53.13,110.53,206.67
298.40,53.27,110.57,206.33
298.76,54.20,109.80,204.40
299.07,55.00,109.17,202.73
298.64,54.33,110.00,204.00
298.57,54.40,110.10,203.80
298.24,53.93,110.73,204.67
298.21,54.07,110.77,204.33
298.18,54.20,110.80,204.00
298.15,54.33,110.83,203.67
298.12,54.47,110.87,203.33
298.09,54.60,110.90,203.00
298.06,54.73,110.93,202.67
298.03,54.87,110.97,202.33
298.00,55.00,111.00,202.00
298.02,55.10,110.93,201.90
298.04,55.20,110.87,201.80
298.06,55.30,110.80,201.70
298.08,55.40,110.73,201.60
298.10,55.50,110.67,201.50
298.11,55.60,110.60,201.40
297.90,55.23,111.00,202.23
297.89,55.27,111.00,202.27
296.87,53.30,113.00,206.30
297.52,54.67,111.67,203.67
297.48,54.63,111.73,203.83
298.23,56.20,110.20,200.80
301.55,56.30,110.13,200.70
305.94,56.40,110.07,200.60
305.46,55.50,111.00,202.50
305.44,55.53,111.00,202.53
305.99,56.70,109.87,200.30
308.29,56.80,109.80,200.20
308.43,56.90,109.73,200.10
307.91,55.67,111.00,202.67
308.02,55.70,111.00,202.70
308.13,55.73,111.00,202.73
308.24,55.77,111.00,202.77
308.35,55.80,111.00,202.80
308.45,55.83,111.00,202.83
308.56,55.87,111.00,202.87
308.67,55.90,111.00,202.90
308.78,55.93,111.00,202.93
308.89,55.97,111.00,202.97
309.00,56.00,111.00,203.00
309.04,55.80,110.77,203.33
309.07,55.60,110.53,203.67
309.11,55.40,110.30,204.00
309.14,55.20,110.07,204.33
310.46,55.00,109.83,204.67
310.75,54.80,109.60,205.00
309.25,54.60,109.37,205.33
309.29,54.40,109.13,205.67
311.63,54.20,108.90,206.00
311.92,54.00,108.67,206.33
311.58,52.53,109.70,209.20
311.90,52.40,109.40,209.40
312.23,52.27,109.10,209.60
313.44,52.13,108.80,209.80
317.75,52.00,108.50,210.00
317.41,50.93,109.13,212.07
314.15,50.87,108.77,212.13
314.58,50.80,108.40,212.20
315.00,50.73,108.03,212.27
315.43,50.67,107.67,212.33
310.48,50.60,107.30,212.40
310.92,51.07,106.40,211.40
311.05,50.93,106.10,211.60
311.99,52.40,104.20,208.60
312.16,52.33,103.83,208.67
312.46,52.53,103.20,208.20
312.69,52.60,102.70,208.00
312.80,52.40,102.47,208.33
312.64,52.20,102.23,208.67
313.00,52.00,102.00,209.00
313.45,51.87,101.67,208.87
313.96,51.87,101.20,208.47
314.44,51.80,100.80,208.20
315.05,52.00,100.13,207.40
321.12,50.34,101.33,210.33
321.41,50.40,100.80,209.80
321.71,50.47,100.27,209.27
316.37,52.40,99.73,208.73
316.92,52.70,99.20,208.20
317.47,53.00,98.67,207.67
318.01,53.30,98.13,207.13
318.56,53.60,97.60,206.60
318.67,53.03,97.93,207.80
317.05,52.33,98.40,209.27
316.91,51.50,99.00,211.00
321.74,52.67,97.60,208.73
322.34,52.83,97.20,208.47
325.65,52.20,97.60,209.80
326.04,52.43,97.13,209.40
325.09,50.00,99.33,214.33
328.73,51.50,97.60,211.40
328.93,51.00,97.73,212.47
328.68,49.72,98.80,215.10
329.15,49.90,98.40,214.80
329.63,50.08,98.00,214.50
330.97,52.00,95.87,210.73
331.48,52.25,95.40,210.30
332.92,54.37,93.07,206.13
333.46,54.68,92.53,205.57
334.00,55.00,92.00,205.00
334.10,55.00,92.13,204.90
333.71,55.00,92.27,204.80
333.57,55.00,92.40,204.70
333.29,54.73,92.80,205.13
332.28,53.00,94.67,208.50
332.14,53.00,94.80,208.40
332.00,53.00,94.93,208.30
331.85,53.00,95.07,208.20
332.71,55.00,93.20,204.10
332.57,55.00,93.33,204.00
332.42,55.00,93.47,203.90
332.28,55.00,93.60,203.80
331.71,54.13,94.60,205.43
331.53,54.07,94.80,205.47
331.35,54.00,95.00,205.50
331.18,53.93,95.20,205.53
331.00,53.87,95.40,205.57
330.82,53.80,95.60,205.60
330.65,53.73,95.80,205.63
330.47,53.67,96.00,205.67
335.23,53.00,96.80,206.90
335.33,53.00,96.93,206.80
335.44,53.00,97.07,206.70
335.55,53.00,97.20,206.60
337.49,56.67,93.67,199.17
337.76,57.00,93.47,198.40
331.40,57.00,93.60,198.30
329.40,53.27,97.47,205.67
330.17,55.07,95.80,201.97
330.00,55.00,96.00,202.00
329.87,55.00,96.33,202.13
329.75,55.00,96.67,202.27
329.62,55.00,97.00,202.40
329.50,55.00,97.33,202.53
329.37,55.00,97.67,202.67
329.24,55.00,98.00,202.80
329.12,55.00,98.33,202.93
327.46,55.00,98.67,203.07
327.14,55.00,99.00,203.20
326.82,55.00,99.33,203.33
326.51,55.00,99.67,203.47
326.19,55.00,100.00,203.60
325.87,55.00,100.33,203.73
326.02,55.93,99.73,202.00
325.74,56.00,100.00,202.00
325.45,56.07,100.27,202.00
325.17,56.13,100.53,202.00
325.28,57.00,100.00,200.40
324.97,57.00,100.33,200.53
324.65,57.00,100.67,200.67
329.60,57.00,101.00,200.80
329.53,57.00,101.33,200.93
329.47,57.00,101.67,201.07
328.60,55.40,103.60,204.40
328.50,55.33,104.00,204.67
327.53,53.53,106.13,208.40
327.40,53.40,106.60,208.80
327.20,53.13,107.20,209.47
327.10,53.07,107.60,209.73
327.00,53.00,108.00,210.00
327.03,53.07,108.30,210.20
327.07,53.13,108.60,210.40
327.10,53.20,108.90,210.60
326.87,53.27,109.20,210.80
326.84,53.33,109.50,211.00
328.20,53.00,110.20,212.00
328.40,53.00,110.57,212.33
327.87,51.53,112.40,215.60
328.10,51.60,112.70,215.80
328.33,51.67,113.00,216.00
328.57,51.73,113.30,216.20
328.20,50.60,114.80,218.80
328.47,50.73,115.03,218.87
328.73,50.87,115.27,218.93
329.50,52.00,114.50,217.00
329.73,52.07,114.80,217.20
329.97,52.13,115.10,217.40
330.20,52.20,115.40,217.60
330.43,52.27,115.70,217.80
324.97,46.31,116.67,219.33
330.60,51.80,116.90,219.40
331.60,53.40,115.67,216.53
331.13,52.07,117.37,219.53
331.60,52.60,117.20,218.80
325.13,52.67,117.50,219.00
325.10,52.73,117.80,219.20
332.30,52.80,118.10,219.40
332.47,52.73,118.53,219.87
332.73,52.87,118.77,219.93
333.00,53.00,119.00,220.00
332.90,52.87,119.83,220.80
332.89,52.91,120.47,221.27
332.99,53.12,120.90,221.40
332.98,52.03,121.53,221.87
332.15,43.37,123.83,225.67
332.18,43.46,124.40,226.00
332.21,43.56,124.97,226.33
331.04,41.65,127.93,230.67
331.36,50.55,127.90,230.00
334.19,50.50,128.67,230.67
331.22,50.45,129.43,231.33
335.23,51.60,129.00,229.60
331.65,51.48,129.83,230.40
331.54,51.37,130.67,231.20
331.44,51.25,131.50,232.00
332.60,53.40,129.80,228.27
341.70,54.72,128.90,226.20
333.39,54.70,129.60,226.80
333.91,55.60,129.20,225.57
333.82,55.50,130.00,226.33
332.69,53.65,132.90,230.60
332.56,53.47,133.80,231.53
339.03,53.28,134.70,232.47
333.49,55.10,133.20,229.40
340.50,55.00,134.00,230.17
340.70,54.90,134.80,230.93
339.55,52.55,138.30,236.20
340.22,52.37,139.20,237.13
340.11,52.18,140.10,238.07
340.00,52.00,141.00,239.00
342.24,51.64,138.76,239.31
344.48,51.27,136.52,239.62
346.77,51.17,134.17,239.41
349.02,51.64,131.90,239.55
351.28,51.55,129.62,239.69
353.53,51.46,127.34,239.83
355.67,50.77,125.31,241.17
357.90,50.59,123.07,241.48
359.11,48.69,122.90,245.24
361.40,48.60,120.55,245.38
363.69,48.51,118.21,245.52
365.98,48.42,115.86,245.66
368.26,48.33,113.52,245.79
370.07,43.51,112.14,248.34
376.15,46.91,109.86,248.66
379.22,48.12,106.48,246.21
381.17,46.57,105.31,249.28
387.52,47.34,101.90,247.69
386.71,47.09,99.72,248.17
389.17,46.83,97.55,248.66
392.35,48.38,93.93,245.52
394.85,48.21,91.69,245.83
397.34,48.03,89.45,246.14
399.83,47.86,87.21,246.45
402.53,48.03,84.55,246.07
398.43,47.78,82.41,246.55
400.62,47.52,80.28,247.03
402.81,47.26,78.14,247.52
405.00,47.00,76.00,248.00
405.31,47.08,75.77,248.27
405.61,47.17,75.53,248.53
405.92,47.25,75.30,248.80
406.22,47.33,75.07,249.07
406.53,47.42,74.83,249.33
407.24,49.50,73.80,245.60
407.64,50.08,73.37,244.87
408.08,50.83,72.87,243.80
407.87,51.00,72.60,243.90
404.03,52.83,71.00,240.67
409.03,52.92,70.80,240.93
409.96,55.20,69.20,236.80
409.78,58.23,69.83,239.20
409.99,58.01,69.67,239.60
406.67,57.79,69.50,240.00
403.35,57.57,69.33,240.40
403.56,54.28,69.17,240.80
403.78,54.30,69.00,241.20
403.99,54.32,68.83,241.60
404.21,54.33,68.67,242.00
404.42,54.35,68.50,242.40
404.63,54.37,68.33,242.80
404.85,54.38,68.17,243.20
404.66,52.40,68.80,247.60
404.86,52.33,68.67,248.17
405.06,52.27,68.53,248.73
405.20,52.00,68.50,249.70
412.09,52.00,68.33,250.13
412.76,51.92,68.23,250.73
413.00,52.00,68.00,251.00
