182.00,229.00,158.00,40.00
182.09,229.04,157.88,40.04
182.19,228.70,157.76,40.08
180.96,228.11,160.28,41.00
180.79,226.90,160.68,41.16
182.07,227.20,158.20,40.40
181.72,226.96,158.96,40.72
180.59,226.46,161.28,41.56
180.61,226.33,161.32,41.64
180.62,226.21,161.36,41.72
180.63,226.09,161.40,41.80
184.46,224.40,157.04,41.00
185.60,222.51,155.12,40.48
185.12,222.37,156.44,40.52
185.36,221.57,156.32,40.56
185.90,221.18,155.60,41.00
185.30,219.72,157.16,41.00
186.22,219.51,158.68,41.36
186.20,219.45,158.72,41.44
185.03,219.01,161.04,42.28
184.94,218.92,161.20,42.40
184.85,218.84,161.36,42.52
184.76,218.75,161.52,42.64
183.30,218.21,164.44,43.68
183.15,218.10,164.72,43.84
183.00,218.00,165.00,44.00
182.72,218.01,165.52,44.16
182.43,218.03,166.04,44.32
182.33,218.10,166.20,44.36
185.12,212.59,169.12,45.32
187.15,213.44,164.60,43.80
186.43,212.94,168.12,44.96
184.52,212.45,171.92,46.12
182.22,211.95,176.48,47.28
180.43,211.46,180.04,48.44
179.33,214.43,182.20,49.00
176.12,213.43,188.60,50.76
169.98,212.48,195.12,52.40
170.39,215.75,193.80,52.08
168.71,215.51,196.64,52.80
172.35,216.13,192.60,51.80
172.00,216.19,193.04,51.92
173.01,216.60,190.76,51.36
172.74,216.68,191.04,51.44
172.47,216.76,191.32,51.52
161.52,215.34,203.60,54.60
160.61,219.31,204.68,54.88
159.30,220.10,206.24,55.28
158.25,219.99,207.72,55.68
157.55,219.97,208.52,55.88
157.00,220.00,209.00,56.00
156.67,220.01,209.52,56.08
156.35,220.01,210.04,56.16
156.02,220.02,210.56,56.24
156.26,220.12,209.96,56.12
158.37,220.73,205.60,55.00
158.97,224.29,204.28,54.64
152.20,222.50,217.68,57.96
151.52,222.23,218.92,58.24
149.93,221.78,221.96,58.88
145.00,224.13,225.80,59.80
143.10,224.16,227.08,60.08
144.24,226.32,224.20,59.32
141.23,225.70,229.64,60.64
138.01,224.82,235.48,62.48
137.86,224.90,235.20,62.40
136.10,224.58,238.12,63.12
132.20,224.30,241.04,63.76
130.35,223.78,244.68,64.88
129.46,223.62,246.40,65.28
129.14,223.60,247.00,65.40
128.81,223.58,247.60,65.52
126.28,223.12,252.60,66.52
125.85,223.08,253.40,66.68
125.51,223.06,254.04,66.80
125.00,223.00,255.00,67.00
124.94,223.05,255.16,67.24
124.88,223.09,255.32,67.48
127.02,223.58,251.08,66.84
126.38,223.45,252.40,67.44
126.10,223.43,253.00,67.80
127.26,223.42,253.60,68.16
124.40,222.91,259.20,69.52
122.34,222.55,263.20,70.56
122.09,222.56,263.60,70.88
121.83,222.57,264.00,71.20
120.48,222.13,266.60,72.40
121.42,222.36,264.60,72.28
120.97,223.23,265.40,72.72
117.73,222.60,271.76,74.16
114.76,221.47,277.60,76.60
114.28,221.34,278.44,77.04
111.76,222.15,283.36,78.16
104.47,219.84,297.84,82.64
103.97,226.62,298.72,83.12
103.48,226.69,299.60,83.60
102.98,226.75,300.48,84.08
105.13,227.69,296.08,82.80
104.75,227.96,296.72,83.20
104.38,227.98,297.36,83.60
104.00,228.00,298.00,84.00
103.96,227.94,298.20,84.08
103.92,227.87,298.40,84.16
106.16,228.57,294.04,82.72
106.88,228.45,292.72,82.92
106.10,228.19,294.40,83.40
103.88,232.88,298.96,84.40
102.04,232.34,302.76,85.68
102.72,232.64,301.52,85.28
102.56,232.66,301.96,85.44
102.40,232.68,302.40,85.60
102.24,232.71,302.84,85.76
102.08,232.73,303.28,85.92
101.92,232.75,303.72,86.08
101.76,232.77,304.16,86.24
101.60,232.79,304.60,86.40
101.44,232.81,305.04,86.56
101.28,232.83,305.48,86.72
101.12,232.85,305.92,86.88
100.96,232.87,306.36,87.04
100.80,232.89,306.80,87.20
100.64,232.92,307.24,87.36
100.48,232.94,307.68,87.52
100.32,232.96,308.12,87.68
100.16,232.98,308.56,87.84
100.00,233.00,309.00,88.00
106.64,233.02,311.20,87.84
113.28,233.04,313.40,87.68
119.92,233.06,315.60,87.52
126.56,233.08,317.80,87.36
132.50,232.90,321.40,87.60
139.00,232.88,323.88,87.52
145.50,232.86,326.36,87.44
150.88,232.68,331.08,87.68
157.24,232.64,333.84,87.64
165.00,232.80,333.80,87.20
173.18,233.34,332.92,86.00
183.20,233.28,335.64,86.00
186.04,232.48,344.88,87.48
192.76,232.28,346.36,87.76
200.30,232.70,346.20,86.80
206.52,232.68,348.68,86.72
212.74,232.66,351.16,86.64
216.44,232.28,358.68,87.28
222.52,232.24,361.44,87.24
228.60,232.20,364.20,87.20
231.32,231.32,373.68,88.84
237.24,231.24,376.76,88.88
243.16,231.16,379.84,88.92
249.20,231.12,382.68,88.88
255.00,231.00,386.00,89.00
255.45,230.96,384.96,89.56
255.89,230.91,383.92,90.12
256.34,230.87,382.88,90.68
253.43,229.99,388.56,92.92
254.03,227.76,387.20,93.40
254.64,227.31,385.84,93.88
258.13,227.58,378.72,92.92
255.85,226.41,383.12,94.84
256.46,225.96,381.76,95.32
257.07,225.51,380.40,95.80
257.67,225.06,379.04,96.28
256.20,224.10,381.84,97.80
256.97,222.24,380.16,98.20
261.45,222.72,371.04,96.60
260.60,221.80,372.60,97.80
260.06,216.91,373.52,98.48
260.03,216.40,373.44,99.80
265.14,216.63,369.52,99.64
263.59,216.02,371.56,101.16
271.70,215.65,372.40,102.20
272.16,215.52,371.32,102.76
272.62,215.39,370.24,103.32
273.08,215.26,369.16,103.88
273.38,215.09,368.40,104.52
274.00,215.00,367.00,105.00
275.46,214.88,364.36,104.68
276.93,214.76,361.72,104.36
274.95,213.64,365.96,106.04
273.07,212.68,370.00,107.40
274.71,212.60,367.00,107.00
275.64,212.28,365.44,107.08
274.64,211.44,367.72,108.20
283.49,211.04,366.60,108.44
284.55,210.92,363.80,108.12
285.61,210.80,361.00,107.80
285.14,210.24,361.28,108.36
286.06,210.08,358.76,108.12
285.07,209.20,360.08,109.32
291.99,209.10,357.24,108.96
291.89,208.60,357.60,109.40
293.55,208.54,354.44,108.96
293.17,207.80,355.36,109.88
294.71,207.70,352.44,109.52
296.25,207.60,349.52,109.16
297.79,207.50,346.60,108.80
299.34,207.40,343.68,108.44
297.80,206.42,346.92,109.84
299.20,206.28,344.28,109.56
300.60,206.14,341.64,109.28
302.00,206.00,339.00,109.00
302.69,205.72,338.00,109.16
303.38,205.44,337.00,109.32
304.06,205.16,336.00,109.48
304.75,204.88,335.00,109.64
305.44,204.60,334.00,109.80
302.75,203.32,339.76,111.96
303.46,203.04,338.72,112.12
300.66,201.60,344.68,114.60
301.37,201.30,343.64,114.80
302.08,201.00,342.60,115.00
302.79,200.70,341.56,115.20
310.36,201.12,337.16,113.96
311.64,200.88,335.84,114.04
312.92,200.64,334.52,114.12
318.69,200.40,333.20,114.20
321.44,200.80,328.04,113.00
324.43,201.28,322.40,111.64
325.50,201.12,320.60,111.56
326.58,200.96,318.80,111.48
327.65,200.80,317.00,111.40
328.72,200.64,315.20,111.32
330.21,200.60,312.56,111.00
331.42,200.48,310.48,110.84
332.21,200.24,309.24,110.92
333.00,200.00,308.00,111.00
334.24,200.00,307.00,110.88
335.23,199.92,306.48,110.92
337.82,200.76,300.44,109.12
338.42,200.68,299.92,109.16
339.03,200.60,299.40,109.20
337.36,199.76,303.44,110.76
340.24,200.44,298.36,109.28
341.81,200.68,295.92,108.68
344.46,201.28,291.32,107.36
345.06,201.20,290.80,107.40
342.31,200.00,297.00,109.68
341.71,199.52,298.88,110.52
348.89,200.00,295.00,109.44
350.65,200.44,291.36,108.44
353.97,201.40,284.60,106.40
360.27,201.36,283.84,106.36
360.00,201.00,285.00,106.96
362.61,201.72,280.40,105.40
363.53,201.76,279.20,105.20
364.44,201.80,278.00,105.00
365.35,201.84,276.80,104.80
366.26,201.88,275.60,104.60
367.18,201.92,274.40,104.40
368.09,201.96,273.20,104.20
369.00,202.00,272.00,104.00
370.04,201.98,270.48,104.12
371.08,201.96,268.96,104.24
372.12,201.94,267.44,104.36
373.16,201.92,265.92,104.48
374.20,201.90,264.40,104.60
375.24,201.88,262.88,104.72
376.28,201.86,261.36,104.84
377.32,201.84,259.84,104.96
378.36,201.82,258.32,105.08
379.40,201.80,256.80,105.20
380.44,201.78,255.28,105.32
381.48,201.76,253.76,105.44
382.52,201.74,252.24,105.56
383.56,201.72,250.72,105.68
383.40,200.80,251.60,107.60
384.36,200.72,250.24,107.84
385.32,200.64,248.88,108.08
386.28,200.56,247.52,108.32
385.34,199.72,249.96,110.08
384.20,198.80,252.80,112.00
384.96,198.64,251.84,112.40
385.72,198.48,250.88,112.80
386.48,198.32,249.92,113.20
387.24,198.16,248.96,113.60
388.00,198.00,248.00,114.00
388.06,198.06,248.00,113.68
388.12,198.12,248.00,113.36
388.18,198.18,248.00,113.04
388.24,199.28,248.00,112.72
388.30,199.60,248.00,112.40
390.26,200.68,244.20,110.56
390.22,200.96,244.40,110.32
390.18,201.24,244.60,110.08
390.14,201.52,244.80,109.84
387.10,200.60,251.00,112.00
387.26,200.96,250.80,111.60
387.42,201.32,250.60,111.20
390.08,202.68,245.40,108.80
390.24,203.04,245.20,108.40
391.90,204.00,242.00,106.80
394.34,205.40,237.24,104.32
394.58,205.80,236.88,103.84
393.38,205.48,239.40,104.80
391.64,205.08,243.00,105.92
391.70,205.40,243.00,105.60
391.76,205.72,243.00,105.28
392.12,206.16,242.40,104.72
392.08,206.44,242.60,104.48
392.04,206.72,242.80,104.24
392.00,207.00,243.00,104.00
386.79,208.89,248.92,103.76
381.31,210.70,255.40,103.68
375.96,212.55,261.60,103.52
370.61,214.40,267.80,103.36
362.91,218.60,274.00,103.20
356.13,220.68,282.12,103.52
350.16,222.96,288.64,103.44
344.18,225.24,295.16,103.36
341.24,228.52,295.60,101.28
338.32,231.60,296.00,99.60
336.34,233.40,304.60,100.48
332.58,236.32,307.60,99.12
327.42,238.68,313.40,98.88
322.26,241.04,319.20,98.64
317.10,246.73,325.00,98.40
311.94,248.76,330.80,98.16
309.50,251.47,331.16,96.56
304.50,253.53,336.64,96.24
299.50,255.60,342.12,95.92
297.70,258.67,341.20,93.60
293.16,260.89,345.76,92.96
288.12,262.92,351.32,92.72
283.08,264.95,356.88,92.48
278.04,266.97,362.44,92.24
273.00,269.00,368.00,92.00
272.86,268.56,367.12,92.64
273.60,268.12,366.24,93.28
273.90,267.68,365.36,93.92
277.14,268.08,358.60,92.88
277.30,267.60,358.00,93.60
277.46,267.12,357.40,94.32
277.63,266.64,356.80,95.04
280.17,266.84,351.44,94.40
286.36,266.64,346.64,94.56
296.25,267.10,339.60,93.40
294.20,266.00,343.48,95.36
297.38,266.46,336.92,94.20
301.19,267.04,329.08,92.80
307.41,267.06,325.16,92.52
304.38,265.80,330.20,94.80
312.84,266.06,325.24,94.04
316.73,265.72,323.88,94.48
316.89,265.38,322.52,94.92
322.33,264.28,325.72,96.88
322.77,263.90,324.60,97.40
323.22,263.52,323.48,97.92
324.90,263.14,322.36,98.44
327.70,263.68,315.72,97.12
327.85,263.34,314.36,97.56
328.00,263.00,313.00,98.00
327.70,262.72,312.96,98.44
327.15,262.32,313.40,99.12
330.62,262.86,308.32,97.92
333.49,263.56,302.76,96.40
333.36,263.20,303.20,97.00
330.95,262.08,308.20,99.12
330.94,261.76,308.40,99.64
337.56,261.44,308.60,100.16
337.16,261.12,308.80,100.68
334.04,261.80,303.00,99.20
337.79,260.92,306.56,100.84
337.51,260.64,306.52,101.28
338.66,260.84,303.60,100.76
338.26,260.52,303.80,101.28
337.85,260.20,304.00,101.80
335.53,259.24,308.04,103.60
344.94,259.88,302.48,102.20
344.82,259.52,302.92,102.80
346.95,259.16,303.36,103.40
348.26,259.40,300.20,102.80
348.00,259.12,300.16,103.24
350.75,259.84,294.12,101.68
353.50,260.52,288.08,100.20
353.25,260.26,288.04,100.60
353.00,260.00,288.00,101.00
352.44,258.74,288.75,102.17
351.88,257.49,289.50,103.33
352.65,257.56,290.25,104.50
355.53,257.75,285.00,103.67
356.04,257.25,284.50,104.21
358.67,257.50,279.75,103.25
358.70,256.75,280.21,104.29
361.56,257.17,275.00,103.00
368.23,256.82,273.25,103.25
366.24,255.55,277.00,105.33
366.38,254.98,276.50,106.00
370.93,254.01,277.00,107.50
372.12,248.56,275.21,107.08
372.06,247.38,275.92,108.17
374.82,247.19,271.00,107.25
379.30,246.67,268.33,107.00
377.55,244.94,271.71,109.17
377.47,243.88,271.75,110.00
376.77,242.60,273.04,111.25
379.32,242.83,267.83,109.50
382.05,242.88,262.25,108.12
384.70,242.92,256.83,106.75
385.21,241.96,256.42,107.38
385.00,241.00,256.00,108.00
