364.00,236.00,39.00,100.00
364.03,236.00,39.00,99.97
364.06,236.00,39.00,99.93
364.05,235.90,39.10,100.10
364.06,235.41,39.13,100.13
364.08,235.26,39.17,100.17
364.49,233.26,38.40,98.60
363.72,231.65,40.00,101.77
361.37,231.92,39.73,101.20
363.79,232.65,40.00,101.70
361.86,232.28,39.33,100.33
363.85,232.82,40.00,101.63
364.28,232.35,39.20,100.00
364.35,233.83,39.13,99.83
362.58,235.83,39.07,99.67
363.01,236.39,38.50,98.50
362.80,236.87,38.00,97.47
362.75,236.85,38.00,97.43
362.41,236.24,38.60,98.60
362.53,233.25,38.27,97.90
361.18,232.84,38.67,98.67
361.07,232.48,39.00,99.30
359.05,233.20,38.27,97.80
358.76,231.90,38.77,98.77
357.91,231.76,39.00,99.20
358.81,232.35,38.50,98.17
358.88,229.81,38.27,97.67
358.41,228.96,39.10,99.30
358.61,229.91,38.13,97.33
355.03,228.99,39.03,99.10
355.00,229.00,39.00,99.00
355.10,229.11,38.83,98.87
355.19,229.23,38.67,98.73
352.28,229.34,38.50,98.60
349.17,232.76,38.33,98.47
348.87,232.87,38.17,98.33
352.28,236.27,38.00,98.20
353.49,234.60,37.07,96.53
349.17,235.16,39.13,100.87
345.68,236.72,37.50,97.80
343.55,237.85,37.33,97.67
347.55,240.16,37.17,97.53
350.98,241.99,37.00,97.40
356.33,241.72,37.27,98.13
356.77,241.31,37.67,99.13
357.00,241.47,37.50,99.00
357.24,241.63,37.33,98.87
358.77,242.88,37.60,99.60
361.03,245.28,37.00,98.60
362.51,245.43,36.83,98.47
364.76,245.58,36.67,98.33
365.12,246.03,36.20,97.60
365.78,249.15,36.33,98.07
367.20,247.60,35.40,96.40
366.26,246.18,36.00,97.80
363.83,249.58,35.83,97.67
360.18,249.31,36.53,99.27
357.47,253.17,35.50,97.40
357.65,253.31,35.33,97.27
357.82,256.69,35.17,97.13
358.00,260.00,35.00,97.00
358.06,263.09,34.97,97.07
357.66,265.37,35.87,99.00
361.04,264.41,35.80,100.80
361.11,265.24,35.73,99.00
361.19,265.18,35.67,99.00
358.29,266.56,34.80,97.40
356.43,267.57,33.77,95.47
353.44,269.86,33.73,95.53
352.14,268.77,34.70,97.60
350.03,269.74,34.67,97.67
349.31,270.39,34.00,96.47
345.70,270.37,34.00,96.60
341.80,270.91,34.00,95.60
338.54,271.33,33.53,94.87
338.31,271.87,34.00,97.00
338.08,272.99,34.47,98.07
338.31,274.79,34.00,97.27
338.21,276.39,34.20,97.80
337.27,278.02,33.73,97.00
337.41,277.96,33.67,97.00
337.56,274.76,33.60,97.00
337.33,270.83,34.27,98.47
337.07,269.98,35.00,100.07
337.08,265.40,35.20,102.20
337.62,263.52,34.33,99.00
335.06,261.32,33.27,97.00
331.94,260.74,34.10,98.80
331.49,259.46,35.00,100.73
331.89,256.31,34.00,98.87
332.00,253.00,34.00,99.00
335.23,253.06,33.87,98.93
335.26,252.92,33.73,98.87
331.49,247.69,34.60,102.60
331.52,245.70,34.47,100.73
332.38,246.93,32.67,97.33
331.98,243.47,33.40,99.00
332.00,242.79,33.30,99.00
332.38,241.18,32.47,97.53
332.38,243.38,32.40,97.60
331.87,243.33,33.33,99.67
331.87,240.14,33.27,99.73
332.07,240.55,32.80,99.00
332.08,238.35,32.70,99.00
332.37,235.40,32.07,97.93
332.36,231.44,32.00,98.00
332.36,229.92,31.93,98.07
332.36,226.85,31.87,98.13
335.47,220.35,31.80,98.20
336.46,213.41,31.73,98.27
336.51,207.86,31.67,97.67
336.56,207.50,31.60,98.40
336.60,207.47,31.53,98.47
336.65,207.44,31.47,98.53
336.70,207.40,31.40,98.60
339.87,204.13,31.33,98.67
339.92,204.13,31.27,98.73
339.96,204.12,31.20,98.80
340.01,204.12,31.13,98.87
340.06,204.11,31.07,98.93
344.00,194.00,31.00,99.00
336.93,204.13,31.03,98.93
337.33,205.08,30.13,97.00
336.75,204.06,31.20,99.00
336.67,204.47,31.27,99.00
336.59,205.21,31.33,99.00
336.40,207.57,31.60,99.40
336.04,207.73,32.23,100.53
335.97,207.83,32.27,100.47
332.30,211.43,32.00,99.80
332.28,213.70,32.00,99.67
332.07,213.36,32.37,100.27
335.03,216.16,32.80,101.00
338.21,219.71,32.87,101.00
341.77,222.86,32.93,101.93
343.35,225.80,33.00,101.00
343.49,226.41,32.53,99.93
337.99,230.07,32.57,99.87
334.79,230.16,32.60,99.80
332.44,229.61,33.27,101.00
332.64,233.59,32.67,99.67
335.73,233.68,32.70,99.60
338.81,233.77,32.73,99.53
341.33,230.05,32.77,99.47
340.90,225.48,33.60,101.00
341.27,225.78,32.83,99.33
341.23,223.15,32.87,99.27
337.29,223.19,32.90,99.20
337.69,220.97,32.00,97.27
334.06,216.96,32.97,99.07
334.00,217.00,33.00,99.00
333.89,216.97,33.10,98.97
339.96,216.93,33.20,98.93
340.60,220.92,32.40,97.10
343.53,223.20,33.40,98.87
346.52,223.17,33.50,98.83
346.96,219.94,33.60,98.80
349.49,216.47,33.70,99.23
352.84,217.14,33.07,97.80
354.96,215.66,33.90,98.70
356.67,212.11,34.67,100.00
358.12,209.93,33.73,97.90
354.67,210.36,33.40,97.00
343.71,214.11,33.30,96.57
333.07,217.18,33.87,97.47
331.56,220.76,33.50,96.50
332.93,220.71,33.60,96.47
332.53,223.43,34.13,97.30
328.85,223.41,34.20,97.20
325.51,226.59,34.27,97.10
322.10,225.91,35.00,98.33
321.92,222.64,35.10,98.30
325.32,223.32,34.47,96.80
328.54,219.92,34.53,96.70
331.94,216.74,33.80,95.00
334.76,210.53,33.83,94.83
337.35,206.06,34.60,96.13
343.04,202.93,33.80,94.30
341.99,197.21,35.73,97.93
342.33,198.07,34.90,96.03
339.00,198.00,35.00,96.00
338.97,198.03,35.07,96.13
338.96,197.90,35.07,96.13
338.82,193.07,36.00,99.80
338.93,194.07,36.00,98.00
335.58,191.79,35.17,96.33
332.06,193.64,36.00,98.00
332.20,194.37,36.00,98.00
332.33,194.47,36.00,98.00
334.72,191.32,36.00,98.00
335.83,189.67,36.00,99.33
339.76,186.41,36.00,99.27
341.85,183.15,36.00,99.20
340.01,181.91,36.00,98.00
337.16,181.03,35.47,96.93
333.62,179.39,35.50,97.00
333.67,177.73,35.53,97.07
333.73,174.46,35.57,97.13
333.78,171.20,35.60,97.20
330.62,171.15,35.63,97.27
330.67,167.07,35.67,97.33
332.99,166.06,35.70,97.40
333.87,162.62,36.00,98.00
333.56,158.09,36.77,99.53
334.01,158.92,36.00,98.00
334.08,158.99,36.00,98.00
334.15,159.48,36.00,98.00
334.22,162.35,36.00,98.00
331.52,166.51,35.07,96.27
327.92,169.68,36.00,98.07
328.00,173.00,36.00,98.00
328.06,176.11,36.03,97.97
331.15,179.23,36.07,97.93
327.67,181.52,37.00,99.70
330.63,181.43,37.00,99.60
324.61,184.82,36.83,99.17
321.73,192.01,36.00,97.40
322.17,192.69,35.23,95.77
321.85,192.68,36.00,97.20
322.26,195.63,35.30,95.70
318.75,195.91,36.00,97.00
315.29,195.92,36.00,96.90
315.33,197.39,36.00,96.80
313.98,197.32,36.00,96.70
312.18,194.03,36.00,96.60
312.47,194.47,35.50,95.50
312.49,194.37,35.53,95.47
312.29,190.62,36.00,96.30
312.33,187.33,36.00,96.20
312.69,187.90,35.37,94.83
309.58,187.87,35.33,94.67
305.25,185.47,36.70,97.30
301.67,184.11,35.73,95.27
296.50,184.77,35.00,93.70
292.98,183.91,35.80,95.20
289.44,184.48,35.17,93.83
289.46,184.45,35.13,93.67
289.02,180.39,36.00,95.30
289.01,180.33,36.00,95.20
289.01,177.06,36.00,95.10
289.00,177.00,36.00,95.00
288.95,177.00,35.97,95.00
285.40,176.07,36.87,96.87
285.61,177.01,35.90,95.00
282.68,177.43,35.87,95.00
279.75,179.40,36.67,96.67
276.82,180.24,35.80,95.00
276.81,180.24,35.77,95.00
273.60,180.24,35.73,95.00
273.59,180.24,35.70,95.00
272.36,179.90,36.00,95.67
270.20,181.05,36.00,95.73
267.16,183.45,35.60,95.00
267.43,184.01,35.00,93.87
266.90,182.98,36.00,95.93
264.05,182.95,36.00,96.00
264.03,186.21,35.93,95.93
264.22,186.68,35.43,95.00
264.18,186.68,35.40,95.00
264.46,187.31,34.73,93.73
261.48,188.75,35.33,95.00
261.47,189.81,35.30,95.00
261.96,190.81,34.27,93.00
259.39,190.80,34.23,93.00
258.28,190.00,35.00,94.60
255.17,188.96,36.00,96.67
255.07,192.58,35.13,95.00
252.26,193.01,35.10,95.00
252.00,193.07,35.00,94.87
252.00,193.04,35.00,94.93
252.00,193.00,35.00,95.00
251.97,193.13,34.93,94.97
249.52,194.19,33.93,93.07
252.31,195.19,33.90,91.30
252.27,197.08,33.87,93.13
252.15,196.90,34.00,93.50
248.56,196.06,34.80,95.20
246.23,197.02,34.53,94.77
245.85,197.89,33.73,93.27
245.81,200.15,33.70,93.30
245.61,197.73,34.00,94.00
245.10,195.79,34.90,95.90
246.64,196.45,34.20,94.60
248.50,194.71,34.13,94.57
247.03,193.87,33.60,93.60
245.38,193.44,34.00,94.50
245.36,193.47,33.93,94.47
247.10,193.50,33.87,94.43
248.44,193.54,33.80,94.40
248.42,193.57,33.73,94.37
248.40,192.56,33.67,94.33
247.44,192.70,33.60,94.30
245.62,194.40,32.80,92.80
242.58,194.47,32.70,92.70
242.18,193.74,33.40,94.20
242.17,193.77,33.33,94.17
242.15,196.49,33.27,94.13
242.19,197.04,33.10,93.90
242.12,196.97,33.13,94.07
242.00,200.10,33.07,94.03
239.00,204.00,33.00,94.00
235.94,206.98,33.07,94.03
235.77,207.08,33.13,94.07
236.51,210.77,32.20,92.10
236.22,210.21,33.13,93.87
238.87,212.82,33.17,93.83
235.94,211.94,34.00,95.40
238.32,211.66,34.23,95.77
238.30,211.59,34.27,95.73
238.27,211.51,34.30,95.70
238.42,211.77,34.00,95.00
239.54,208.60,34.00,94.90
243.04,209.16,33.40,93.60
244.65,208.65,33.87,94.43
245.94,207.55,34.93,96.47
247.59,207.44,35.00,96.50
247.85,207.86,34.53,95.47
247.85,207.79,34.57,95.43
247.85,207.71,34.60,95.40
244.72,207.64,34.63,95.37
244.72,207.56,34.67,95.33
244.72,207.48,34.70,95.30
241.22,206.68,35.47,96.73
241.97,210.57,34.00,93.70
241.99,208.96,34.00,92.00
245.05,205.07,34.00,93.50
247.76,205.04,34.00,93.40
247.78,206.99,34.80,94.90
247.76,207.00,34.87,94.93
250.91,207.00,34.93,94.97
254.00,207.00,35.00,95.00
254.07,207.13,34.97,94.87
254.60,211.29,34.00,92.87
257.44,211.39,34.00,92.80
256.95,213.33,34.87,94.47
254.75,214.70,34.00,92.67
253.79,213.99,34.80,94.20
253.38,216.53,35.53,95.60
254.53,217.41,34.73,93.93
257.12,218.23,34.00,92.40
257.74,217.65,34.67,93.67
257.81,217.77,34.63,93.53
258.17,218.49,34.00,92.20
258.22,221.64,34.00,92.13
259.92,221.73,34.00,92.07
260.88,220.81,35.00,94.00
261.19,221.43,34.47,92.87
261.25,221.54,34.43,92.73
261.32,221.66,34.40,92.60
259.46,221.78,34.37,92.47
256.69,222.56,33.67,91.00
255.38,222.01,34.30,92.20
253.73,226.17,33.27,90.07
252.85,226.05,33.47,90.40
252.93,226.20,33.40,90.20
253.11,226.52,33.17,89.67
253.16,228.31,34.00,91.27
253.11,225.77,34.00,91.20
253.07,225.84,34.00,91.13
255.93,225.89,34.03,91.13
256.00,226.00,34.00,91.00
258.88,226.06,34.07,90.90
258.74,226.13,34.13,90.80
258.94,226.29,34.10,90.50
258.45,226.26,34.27,90.60
258.39,226.49,34.17,90.17
257.76,225.00,35.20,92.00
257.64,225.00,35.23,91.83
258.18,224.73,35.53,92.20
258.14,222.52,35.60,92.10
258.43,223.26,35.00,90.67
258.37,223.29,35.10,90.63
257.26,223.73,34.80,89.80
255.40,222.49,34.87,89.70
253.94,223.87,34.93,89.60
253.79,223.94,35.00,89.50
253.64,224.01,35.07,89.40
251.93,223.65,35.57,90.17
252.40,224.75,34.60,88.00
250.51,224.86,34.63,87.83
250.39,224.96,34.67,87.67
250.11,225.70,35.00,88.10
249.64,225.00,35.73,89.33
251.26,225.00,35.77,89.17
251.21,224.38,35.80,89.00
251.16,224.48,35.83,88.83
251.18,224.72,35.73,88.40
251.11,224.79,35.80,88.30
247.75,223.93,36.80,90.07
251.06,224.93,35.93,88.10
251.00,225.00,36.00,88.00
251.07,224.86,35.93,88.30
251.13,224.71,35.87,88.60
250.88,224.57,35.80,88.90
248.21,224.42,35.73,89.20
250.80,224.28,35.67,89.50
251.40,224.14,35.60,89.80
251.47,223.99,35.53,90.10
251.53,223.85,35.47,90.40
251.60,223.71,35.40,90.70
251.67,223.56,35.33,91.00
251.92,223.78,34.90,90.57
252.00,222.43,34.80,90.80
253.80,222.22,34.70,91.03
251.85,221.47,35.13,92.33
253.27,220.79,35.50,93.50
253.25,221.81,35.40,94.67
253.23,222.17,35.30,93.97
253.41,222.46,34.80,93.40
253.38,222.32,34.73,93.70
253.34,222.18,34.67,94.00
253.31,222.04,34.60,94.30
253.27,221.90,34.53,94.60
252.86,220.99,35.23,96.43
252.35,221.42,35.20,96.80
252.71,224.51,34.50,95.83
252.77,224.40,34.40,96.07
252.83,224.30,34.30,96.30
252.88,224.20,34.20,96.53
252.96,224.13,34.07,96.70
253.00,224.00,34.00,97.00
252.93,224.00,34.00,96.90
252.86,224.00,34.00,96.80
252.79,224.00,34.00,96.70
252.66,223.87,34.13,96.87
250.66,224.00,34.00,96.50
250.05,224.62,34.00,96.40
247.51,227.17,34.00,96.30
249.52,226.44,34.73,97.67
249.45,226.47,34.70,97.50
249.37,226.50,34.67,97.33
249.29,226.53,34.63,97.17
249.22,226.56,34.60,97.00
249.14,226.59,34.57,96.83
249.06,226.62,34.53,96.67
248.98,226.65,34.50,96.50
248.64,226.15,35.00,97.40
248.55,226.15,35.00,97.30
248.45,226.14,35.00,97.20
250.38,226.14,35.00,97.10
250.90,227.14,34.00,95.00
250.91,224.96,34.00,94.90
251.29,224.73,33.27,93.33
249.00,224.77,33.23,93.17
248.53,224.00,34.00,94.60
248.44,224.00,34.00,94.50
248.35,224.00,34.00,94.40
248.26,224.00,34.00,94.30
248.18,224.00,34.00,94.20
248.09,224.00,34.00,94.10
248.00,224.00,34.00,94.00
247.99,224.00,34.00,93.97
247.97,224.00,34.00,93.93
247.96,224.00,34.00,93.90
248.32,224.13,33.87,93.60
250.99,224.17,33.83,93.50
251.57,221.11,33.80,93.40
254.03,221.14,33.77,93.30
253.64,220.45,34.47,94.67
253.98,221.22,33.70,93.10
253.95,218.51,33.67,92.33
250.00,217.95,34.27,93.43
250.02,218.06,34.20,93.20
250.05,220.26,34.13,94.97
249.84,217.31,34.53,94.60
248.25,217.35,34.50,94.50
248.36,217.39,34.47,94.40
249.51,217.42,34.43,94.30
249.75,217.86,34.00,93.40
252.87,217.86,34.00,93.37
251.85,217.87,34.00,93.33
252.91,217.87,34.00,93.30
252.30,217.87,34.00,93.27
250.02,217.88,34.00,93.23
250.01,217.88,34.00,93.20
249.92,220.30,34.17,93.50
249.93,220.87,34.13,93.40
249.54,220.10,34.90,94.90
252.91,221.00,34.00,93.07
250.01,221.00,34.00,93.03
250.00,221.00,34.00,93.00
250.10,221.00,33.93,93.07
250.42,221.00,33.86,93.14
250.63,221.00,33.79,93.21
250.84,221.00,33.72,93.28
251.69,221.00,33.66,93.34
252.20,221.00,33.59,93.41
254.79,221.00,33.52,93.48
252.67,221.00,33.45,93.55
252.91,221.00,33.38,93.62
253.14,221.00,33.31,93.69
253.38,221.00,33.24,93.76
255.64,221.41,32.76,93.00
255.79,221.45,32.66,93.00
255.94,221.48,32.55,93.00
257.64,221.52,32.45,93.00
259.00,221.00,32.90,94.10
260.94,221.00,32.83,94.17
262.35,221.00,32.76,94.24
264.50,219.93,32.69,94.31
264.57,219.73,32.93,95.00
264.82,220.73,32.83,95.00
265.07,220.77,32.72,95.00
265.43,221.01,32.41,94.59
265.79,221.01,32.34,94.66
266.00,221.00,32.28,94.72
269.30,221.00,32.21,94.79
269.50,221.00,32.14,94.86
269.79,221.00,32.07,94.93
273.00,221.00,32.00,95.00
273.04,221.06,32.03,95.03
276.17,221.12,32.07,95.07
276.91,221.18,32.10,95.10
280.02,221.23,32.13,95.13
280.03,221.29,32.17,95.17
283.14,221.35,32.20,95.20
285.53,221.41,32.23,95.23
288.67,222.00,32.00,94.20
289.51,220.92,32.00,94.70
292.61,221.25,32.00,94.00
292.14,219.91,33.00,96.63
295.29,221.14,33.00,96.60
297.09,221.24,33.00,96.57
298.97,222.33,32.00,94.53
300.51,224.47,32.00,93.50
302.13,224.57,31.93,93.27
302.19,224.22,31.87,93.90
301.95,223.55,32.40,95.20
302.18,225.86,32.00,94.37
302.21,226.98,32.00,94.33
304.79,225.97,33.00,96.30
304.81,225.96,33.00,96.27
304.84,228.34,33.00,96.23
304.96,228.64,32.80,95.80
304.55,227.86,33.67,97.50
304.54,227.89,33.73,97.60
304.58,228.02,33.70,97.50
305.02,228.95,32.87,95.80
305.01,228.97,32.93,95.90
305.00,229.00,33.00,96.00
