250.00,178.00,70.00,76.00
246.41,174.45,69.83,75.80
247.88,172.50,66.80,72.67
247.66,172.67,66.50,72.30
244.49,175.29,65.73,71.47
244.24,175.80,65.67,71.33
244.50,179.38,64.80,69.60
238.05,176.03,65.30,70.83
235.86,177.22,63.00,68.47
235.26,177.06,64.10,68.80
235.75,177.30,63.00,68.33
238.97,176.15,63.00,68.27
245.00,176.99,61.80,66.40
246.04,170.90,63.30,68.30
248.47,171.12,62.87,67.87
250.25,171.56,62.50,67.00
251.79,169.57,63.07,67.53
252.54,171.89,62.00,66.43
250.83,171.91,62.00,66.40
249.09,172.12,61.63,66.00
248.84,176.17,60.00,64.33
247.38,177.70,58.90,63.20
243.10,173.51,60.27,65.27
240.36,176.59,59.47,63.70
243.84,181.35,58.60,62.80
243.46,183.42,59.33,63.50
239.08,188.97,56.53,60.67
238.61,188.55,57.30,61.40
239.14,192.05,56.07,60.13
238.10,191.06,57.97,62.00
241.00,191.00,58.00,62.00
241.58,191.13,57.93,61.97
242.62,191.72,56.93,61.00
245.49,188.44,57.70,61.80
245.48,185.08,58.60,62.73
246.06,185.32,58.33,62.50
249.14,181.37,59.20,64.20
248.88,177.24,60.60,64.83
252.54,177.44,60.40,64.67
255.56,179.03,57.40,61.70
255.34,179.33,57.00,61.33
259.04,176.81,56.37,60.73
259.48,176.89,56.40,60.80
260.27,177.60,55.73,59.60
260.69,180.26,55.80,60.20
260.66,183.14,56.00,60.50
260.52,182.65,57.13,61.73
262.99,183.09,56.57,61.13
264.11,183.79,55.40,60.00
264.52,185.00,55.63,59.90
267.95,183.85,55.67,60.33
268.52,181.11,55.60,60.30
268.85,181.41,56.00,60.73
271.62,180.95,57.30,61.83
272.71,180.88,56.20,61.00
273.48,181.36,56.67,61.33
279.88,181.83,55.87,60.60
280.36,181.77,56.00,60.90
280.90,181.65,56.00,60.93
281.47,181.86,55.97,60.90
282.00,182.00,56.00,61.00
273.89,180.70,57.17,61.97
262.99,179.36,58.47,63.00
255.49,178.54,58.60,63.00
245.24,178.45,58.33,61.53
236.51,173.56,61.17,65.00
228.68,171.14,62.20,65.80
221.85,167.86,63.40,67.00
217.10,165.81,65.87,69.00
211.78,163.73,66.40,69.30
204.37,160.98,67.67,70.33
198.52,159.79,68.20,71.00
193.26,157.93,70.80,73.00
185.32,156.71,71.77,73.73
174.72,157.21,73.67,75.40
170.73,158.81,74.00,75.50
161.10,157.45,75.87,77.13
146.07,153.99,79.50,80.53
133.63,152.70,81.80,82.20
119.71,155.38,83.77,84.33
109.64,150.88,85.00,85.00
100.08,149.14,87.70,87.50
95.15,152.35,89.40,89.00
86.08,151.06,91.33,90.73
78.60,149.91,93.00,92.20
72.80,151.57,89.50,88.50
59.05,144.28,94.33,93.13
55.42,141.90,97.70,96.30
51.64,129.26,101.40,99.80
46.75,129.98,99.33,97.53
35.00,124.00,101.00,99.00
45.05,128.96,100.90,98.73
44.29,123.18,102.40,100.13
39.30,123.21,102.30,99.90
38.56,122.45,103.80,101.27
40.23,124.17,100.50,97.67
40.89,124.83,99.20,96.20
40.13,124.05,100.77,97.60
39.16,123.07,102.73,99.40
44.86,122.32,101.30,97.80
43.53,117.34,104.00,100.33
43.96,117.77,103.17,99.33
48.30,117.07,104.60,100.60
54.38,123.16,102.57,98.40
58.92,122.66,103.60,99.27
59.96,123.72,101.50,97.00
75.58,123.31,102.33,97.67
85.22,125.12,98.17,93.90
86.79,120.13,99.20,94.20
96.61,121.52,95.83,91.30
96.73,117.26,99.00,93.67
99.74,119.93,99.30,94.50
104.99,121.78,98.40,93.47
104.14,121.15,100.10,94.27
101.89,118.76,104.60,98.60
105.12,116.77,106.50,100.33
97.79,118.85,102.40,96.07
97.74,118.84,102.50,96.00
96.03,117.16,105.93,99.27
97.95,114.17,102.10,95.27
98.00,119.00,102.00,95.00
97.73,118.73,102.23,95.20
92.81,118.39,102.60,95.53
93.67,119.08,100.90,93.80
92.66,117.91,102.93,95.80
87.59,117.63,103.17,96.00
86.23,117.16,103.80,96.60
87.92,122.55,102.57,95.33
85.05,125.98,105.47,98.20
81.22,130.73,105.90,98.60
80.00,129.41,108.33,101.00
75.01,129.55,107.83,100.47
74.51,123.77,108.80,101.40
75.07,124.24,107.63,100.20
75.23,124.31,107.27,99.80
74.09,123.08,109.50,102.00
73.02,122.18,111.60,103.53
72.70,119.66,112.20,104.07
73.38,122.35,110.80,102.60
74.18,122.76,109.17,101.53
69.19,117.68,112.00,104.33
68.05,116.45,110.70,103.00
68.10,120.66,112.60,104.87
68.34,120.94,111.83,104.07
67.28,120.95,111.60,103.80
59.58,112.68,118.00,109.33
57.96,117.47,119.60,110.87
58.46,117.90,118.60,109.80
58.17,117.53,119.20,110.33
52.25,117.30,119.53,110.60
52.00,117.00,120.00,111.00
52.04,117.21,120.10,110.87
54.40,118.91,115.53,107.00
47.79,117.87,118.70,109.00
54.95,114.99,114.33,105.27
51.54,111.31,121.33,111.00
50.70,99.54,123.20,112.60
49.55,98.90,125.70,114.07
49.99,105.31,125.00,113.40
51.43,106.50,122.30,111.20
44.61,110.02,124.33,112.33
46.33,113.41,121.10,109.53
40.22,113.16,122.00,110.20
40.81,113.84,121.03,109.00
35.51,114.38,120.33,108.07
27.48,112.50,125.00,112.00
29.28,120.04,121.60,108.87
21.85,118.76,125.00,111.60
14.73,124.29,127.60,113.80
15.75,131.30,125.80,111.73
13.94,129.86,129.67,114.67
 7.42,123.54,130.70,115.10
 9.30,125.09,127.20,112.07
14.22,118.43,129.60,113.47
16.45,119.80,125.40,110.80
15.13,118.32,130.33,113.83
21.57,125.40,127.87,111.93
27.77,125.70,127.70,111.40
27.84,125.80,127.80,111.27
27.92,125.90,127.90,111.13
28.00,126.00,128.00,111.00
27.99,125.80,127.93,111.10
26.58,118.58,130.67,113.07
31.74,111.25,132.60,115.10
39.59,112.49,128.80,112.33
38.45,111.52,131.00,114.00
36.60,109.58,134.60,117.60
36.67,115.75,134.37,117.53
37.84,116.74,131.93,115.27
29.09,115.75,136.60,119.70
28.03,114.45,138.67,122.33
29.66,114.01,135.33,118.53
32.59,116.17,129.40,113.80
28.19,111.64,131.27,115.43
27.61,114.23,132.07,116.87
29.83,116.32,133.50,118.50
27.81,117.39,137.60,122.27
28.35,117.90,136.57,120.83
30.76,123.31,131.80,117.40
25.78,124.71,133.93,119.37
25.74,124.52,133.67,119.33
23.41,123.88,134.00,120.20
23.91,122.74,136.67,122.07
28.79,122.60,136.33,121.93
32.69,125.76,128.60,115.20
29.28,115.55,137.67,123.00
30.46,116.23,134.93,121.27
34.55,113.83,139.20,125.70
38.12,116.86,131.67,119.27
35.08,115.74,134.33,121.13
35.00,122.00,134.00,121.00
28.58,122.06,134.13,121.07
29.95,123.04,131.47,119.27
24.17,122.97,131.90,119.60
24.38,124.39,130.20,116.93
22.16,115.87,134.67,121.33
24.12,117.92,130.80,117.40
23.41,117.42,132.27,118.57
23.59,123.86,131.93,118.40
21.98,122.37,135.20,121.60
20.87,122.44,135.33,121.67
19.01,125.26,139.20,124.47
16.29,125.07,144.80,130.00
10.30,125.67,143.33,129.03
10.73,123.19,142.60,127.67
10.09,125.66,144.00,129.50
11.25,127.15,141.80,126.73
11.16,120.43,142.10,126.97
10.67,119.81,143.20,128.40
10.62,119.84,143.43,128.53
11.56,114.07,141.67,126.67
10.51,105.23,143.90,128.80
10.45,105.19,144.13,128.93
10.98,98.96,143.20,127.90
10.54,98.62,144.20,128.60
11.53,99.52,142.33,126.83
12.82,100.38,139.87,125.13
13.77,101.31,138.10,123.30
11.58,99.61,142.60,126.73
10.14,98.14,145.60,129.70
10.00,98.00,146.00,130.00
 9.88,91.30,146.10,129.97
 8.82,83.08,149.00,132.73
12.56,73.33,155.00,137.70
12.48,73.52,155.00,137.60
15.15,76.04,149.50,132.83
15.92,78.47,147.80,131.00
15.34,85.21,148.80,131.63
 7.64,84.75,149.80,132.73
12.70,83.41,153.80,135.60
 8.24,83.63,153.33,135.33
 7.79,78.61,154.50,136.67
10.07,85.20,150.20,132.20
10.55,85.73,149.50,131.33
15.42,94.72,147.20,129.33
19.57,102.62,147.50,129.50
18.13,100.59,152.20,134.07
18.06,103.86,152.40,134.13
15.89,102.25,156.80,137.40
 8.52,102.28,156.90,137.37
 6.99,100.82,160.00,140.33
10.27,107.17,158.00,138.20
11.95,110.95,154.20,135.00
14.56,101.48,159.60,139.53
14.48,101.48,159.80,139.60
15.40,102.48,158.00,137.67
16.24,102.38,158.40,137.93
14.10,101.34,160.70,140.10
14.07,108.89,160.80,140.07
13.98,108.90,161.00,140.13
14.00,109.00,161.00,140.00
14.02,108.92,161.27,140.07
14.05,108.31,161.53,140.13
20.22,106.62,164.50,142.90
18.70,98.45,167.73,145.07
24.96,99.77,164.33,142.33
25.15,99.78,164.40,142.20
24.17,98.75,166.80,144.17
24.19,98.62,167.20,144.33
25.26,104.79,165.50,142.40
25.40,104.36,165.67,142.67
24.80,98.66,167.30,143.73
26.57,100.08,164.20,140.80
24.95,95.98,167.90,143.87
18.16,92.31,166.33,142.53
25.02,95.43,168.50,144.00
25.08,99.38,168.80,144.07
17.54,99.58,168.57,143.73
17.14,99.07,169.80,144.80
17.94,102.63,168.63,143.47
18.63,102.96,167.67,142.33
16.48,100.79,172.40,146.20
16.66,98.49,172.47,146.07
13.35,95.95,179.50,152.13
24.40,99.75,174.40,147.60
24.50,98.11,174.67,147.67
24.60,98.05,174.93,147.73
27.70,100.53,169.20,142.70
26.10,91.95,172.87,145.27
24.80,90.23,175.93,148.13
25.00,90.00,176.00,148.00
25.10,89.89,175.93,148.77
25.43,90.02,175.40,149.07
25.50,89.88,175.40,149.90
25.67,89.85,175.20,150.53
24.17,88.56,178.33,153.67
24.40,88.57,178.00,154.20
24.99,88.93,176.97,154.03
22.70,86.79,181.67,158.87
25.55,89.05,176.10,154.90
25.84,89.11,175.67,155.33
26.67,89.72,174.13,154.67
24.86,90.94,171.40,152.80
19.73,90.40,171.73,154.43
18.00,88.66,175.33,158.47
17.25,96.01,177.00,161.00
16.72,95.26,178.20,163.07
16.95,95.26,177.90,163.63
 7.75,94.36,179.40,166.00
10.15,96.36,174.73,162.57
10.26,96.26,174.67,163.33
10.36,96.16,174.60,164.10
 7.36,93.46,180.73,170.07
 8.60,97.53,178.40,169.33
 8.14,103.73,165.40,157.80
 6.37,104.10,168.50,160.83
 2.82,101.63,172.80,166.07
-3.21,95.20,185.00,179.20
 0.29,98.30,178.13,173.27
 0.70,106.80,177.47,173.53
 1.00,107.00,177.00,174.00
 0.76,107.10,177.40,173.63
 1.92,116.63,175.00,170.47
 0.28,115.04,178.20,172.90
-0.23,107.04,179.13,172.93
 3.30,117.83,172.00,165.00
 6.59,114.07,179.40,171.80
 6.11,112.40,183.80,174.43
13.78,113.33,181.27,171.87
13.43,110.65,186.70,176.50
17.95,103.34,189.67,178.33
18.95,98.33,193.83,181.40
19.74,99.57,192.20,178.20
27.44,97.75,195.37,181.10
28.21,102.99,193.80,178.67
28.60,99.32,193.00,176.50
29.25,104.79,191.67,174.87
24.76,105.66,190.07,173.03
21.45,106.32,189.00,171.60
21.64,106.89,188.57,170.37
21.23,106.85,189.33,170.33
19.41,108.35,192.90,172.40
16.13,105.54,199.40,177.33
 9.61,103.83,197.97,175.80
14.20,103.97,203.00,179.20
12.59,102.56,206.17,181.33
12.27,101.11,206.73,181.07
11.80,101.01,207.60,181.20
15.27,104.44,200.60,174.27
15.32,105.20,200.43,173.27
15.00,105.00,201.00,173.00
14.99,104.78,201.30,173.37
15.38,105.53,200.80,173.07
17.37,106.21,197.10,170.40
15.76,104.81,200.60,173.13
15.62,104.52,201.17,173.67
14.54,103.32,203.60,176.00
12.93,104.14,207.10,178.80
11.82,105.33,204.47,177.00
 7.94,107.82,199.30,172.60
 7.71,107.74,200.00,173.33
 7.48,107.67,200.70,174.07
 8.05,108.39,199.80,173.20
16.95,107.90,200.90,174.77
15.86,102.79,203.33,176.73
20.61,102.88,203.50,176.50
24.55,92.47,205.27,178.40
22.53,90.51,209.57,182.27
32.16,90.43,209.60,182.40
26.77,90.56,208.57,182.10
24.03,88.25,213.67,186.67
27.23,97.95,206.90,180.70
28.03,101.73,204.93,178.87
26.49,100.29,207.63,181.70
26.42,100.32,207.40,181.60
23.08,99.10,210.50,184.00
25.00,100.38,206.93,181.40
21.65,97.26,213.90,187.60
21.77,97.17,213.93,187.73
21.88,97.09,213.97,187.87
22.00,97.00,214.00,188.00
21.85,97.00,214.10,188.10
21.83,97.13,213.93,187.93
21.75,97.19,213.90,187.90
23.13,106.98,210.93,184.93
17.50,93.39,222.00,195.17
15.90,97.89,225.00,198.20
15.50,97.39,225.60,198.83
16.03,97.81,224.33,197.60
16.10,97.77,224.00,197.30
15.50,97.06,225.00,198.33
18.18,89.93,226.63,199.63
22.33,93.69,218.80,192.40
22.35,93.65,219.20,192.77
21.45,92.67,221.47,195.00
22.41,93.56,220.00,193.50
26.75,93.38,220.67,194.13
25.73,92.61,222.53,195.97
24.50,85.88,224.80,197.80
22.36,83.64,228.90,201.90
12.70,84.23,228.00,200.33
19.65,84.11,227.80,200.20
19.99,83.99,227.60,200.07
18.80,82.33,230.47,203.00
17.08,80.54,234.40,206.20
16.93,78.18,235.17,207.17
16.23,77.68,237.07,208.47
16.10,77.51,237.80,209.10
 8.77,79.21,233.87,206.00
 8.30,79.04,234.60,206.63
 8.00,79.00,235.00,207.00
 7.83,79.02,235.00,206.87
 0.79,81.03,230.07,202.73
-2.51,79.05,235.00,206.60
-0.84,80.54,231.33,203.53
-1.18,90.46,231.67,203.67
-6.01,86.75,241.00,211.00
-6.27,86.70,241.17,211.00
-4.65,88.26,237.60,207.80
-9.67,80.87,247.30,216.50
-10.86,76.13,249.33,218.33
-7.27,86.59,241.83,211.00
-12.23,82.06,251.40,220.00
-9.99,94.86,246.60,215.00
-10.43,94.44,247.13,215.80
-11.78,93.56,249.50,217.50
-6.80,97.99,239.20,208.60
-7.90,91.37,241.07,210.37
-8.84,90.49,242.60,211.40
-10.27,89.21,245.13,213.23
-8.41,81.35,254.67,221.33
-1.54,94.96,247.50,214.80
-3.50,86.16,251.07,217.40
-1.42,78.56,262.43,227.07
-0.43,79.38,260.80,225.40
-1.44,78.40,263.17,227.33
 6.43,83.95,250.53,216.20
-0.68,68.67,264.40,228.10
 1.18,79.72,260.33,224.60
 1.09,79.86,260.17,224.30
 1.00,80.00,260.00,224.00
 0.94,80.06,260.07,223.80
 0.34,79.69,261.20,224.47
 2.52,82.62,256.80,220.60
 4.35,84.99,253.07,216.47
 3.94,93.74,253.83,216.83
-4.87,86.32,271.40,231.60
-4.93,86.40,271.47,231.37
-3.52,87.54,268.60,229.00
-5.05,76.19,271.60,230.90
-2.28,78.44,266.00,226.33
 1.19,78.29,266.60,226.57
 4.13,75.43,273.80,232.20
 1.15,72.88,279.70,237.23
 2.50,74.09,276.93,234.73
 7.69,78.67,266.50,225.50
 3.71,70.06,274.40,231.60
 2.32,63.98,277.13,234.03
 1.46,63.86,278.80,234.20
 2.19,64.14,277.27,233.57
-0.70,62.22,283.00,237.33
-0.78,62.29,283.10,237.10
-9.01,63.84,278.80,233.93
-8.99,63.98,278.70,233.57
-6.47,66.53,273.60,228.40
-3.95,68.36,268.50,224.67
-1.33,70.65,263.20,220.00
12.90,75.16,253.30,210.90
 3.94,75.58,252.53,210.00
16.90,77.79,247.27,205.50
17.00,78.00,247.00,205.00
17.39,78.10,246.55,204.72
20.10,80.07,241.45,200.72
31.89,82.10,236.28,196.59
32.17,82.41,235.34,195.90
35.54,94.13,231.62,192.31
34.66,92.88,233.69,194.72
39.10,96.55,225.10,187.31
41.46,98.13,220.69,184.07
44.17,100.21,215.59,179.83
47.82,103.10,208.59,173.97
54.00,103.11,208.34,173.86
58.66,103.95,206.45,172.10
59.89,104.70,204.28,170.52
68.13,107.37,197.69,165.10
69.96,109.24,193.69,161.28
71.21,110.25,190.86,159.17
71.41,101.78,190.10,158.62
71.62,102.05,189.34,158.07
70.14,103.35,185.83,155.45
70.85,104.03,184.69,154.07
72.96,105.47,180.72,151.17
66.78,105.41,180.76,151.28
65.37,107.32,179.97,150.76
67.96,107.75,175.03,146.52
62.32,108.45,172.79,145.10
62.40,108.59,172.34,144.83
71.81,110.23,167.90,141.55
73.72,111.90,164.31,138.21
74.00,112.00,164.00,138.00
74.00,112.10,164.13,137.90
75.41,113.61,161.47,135.00
76.71,114.56,159.00,133.20
76.62,114.58,159.33,133.27
74.86,113.18,163.00,136.17
73.61,113.42,162.80,135.80
73.89,113.89,161.90,134.97
75.38,115.53,158.60,131.80
77.46,117.53,154.10,127.90
80.64,118.70,152.00,125.67
80.70,118.82,152.00,125.53
83.17,120.74,147.20,121.80
87.11,121.04,146.90,121.30
89.91,120.95,147.40,121.60
90.69,121.80,146.00,120.00
91.36,122.32,144.80,119.07
91.28,122.34,145.10,119.13
92.11,122.96,143.60,118.00
86.41,122.01,146.80,120.00
84.66,120.57,150.00,123.00
83.37,119.92,152.30,124.40
81.28,119.94,152.60,124.47
81.21,119.96,152.90,124.53
81.44,120.28,152.60,124.00
83.81,122.33,148.00,120.00
76.48,120.88,151.20,123.00
70.69,116.34,162.50,132.20
71.13,124.50,160.40,129.80
71.16,125.04,160.50,129.77
71.00,125.00,161.00,130.00
