152.00,166.00,55.00,82.00
151.09,166.17,55.77,82.03
153.36,163.16,56.53,82.07
152.34,163.44,57.30,82.10
148.31,163.12,58.20,82.27
150.30,163.84,58.83,82.17
146.57,164.09,59.60,82.20
145.54,163.28,60.60,82.47
141.04,160.89,61.40,82.53
140.45,161.80,61.50,81.20
135.58,161.64,63.00,82.00
133.38,158.25,66.27,86.20
128.52,159.98,67.20,86.40
128.17,161.13,66.70,84.60
118.61,166.87,67.60,84.80
116.50,163.93,70.50,87.50
104.94,173.88,71.87,88.60
104.44,170.64,71.60,87.57
93.40,180.58,72.40,87.60
92.05,178.96,73.93,88.37
83.00,183.25,74.67,88.33
82.47,184.12,74.50,87.10
81.43,189.30,75.33,87.20
79.51,188.41,77.93,89.30
70.11,196.87,78.80,89.40
68.84,196.86,80.00,89.83
67.77,192.82,80.80,89.87
65.80,192.54,83.40,90.80
62.44,189.96,88.80,96.33
61.22,189.98,89.90,96.67
60.00,190.00,91.00,97.00
58.57,189.96,92.47,97.33
54.18,186.96,99.87,103.60
57.90,186.94,101.30,103.90
56.53,186.92,102.73,104.20
64.81,187.94,104.17,104.50
64.97,189.73,102.40,101.60
69.90,193.53,103.97,102.03
67.73,192.76,107.00,103.93
75.54,198.07,108.50,104.30
75.23,199.12,107.67,102.67
82.90,204.66,110.23,103.77
80.69,201.85,113.00,105.00
84.52,201.72,114.67,105.50
83.08,201.51,116.00,106.13
87.77,193.40,117.50,106.50
85.92,193.38,119.67,107.00
84.32,185.57,121.33,107.50
82.72,187.58,123.00,108.00
80.75,181.28,125.40,109.23
78.18,180.53,129.00,111.00
71.59,179.63,128.60,110.10
71.07,180.44,128.00,109.07
68.35,175.72,129.50,109.43
66.75,175.42,131.40,110.20
66.21,175.35,132.83,110.50
63.23,174.28,137.13,112.80
53.45,174.21,138.60,113.10
52.03,174.21,139.93,113.27
50.52,173.94,141.47,113.63
49.00,174.00,143.00,114.00
48.96,173.96,143.20,114.00
46.13,171.59,149.00,118.67
38.72,170.74,151.70,120.30
38.87,170.68,152.00,120.33
38.04,171.85,152.00,120.17
40.51,174.11,147.20,116.00
30.25,181.53,145.10,114.47
29.28,180.96,147.60,116.00
22.88,185.72,147.80,116.00
22.05,184.70,150.00,118.00
12.11,183.48,152.00,119.17
11.56,183.08,153.20,119.80
 7.70,179.20,153.30,119.70
 6.53,178.23,156.20,121.93
 3.11,178.35,156.50,122.00
 3.80,179.00,155.20,121.00
 0.79,179.15,155.40,121.00
 0.95,179.30,155.60,121.00
-3.30,179.45,155.80,121.00
-4.86,178.59,159.00,123.00
 1.05,171.01,161.30,124.40
-1.22,169.19,165.93,128.33
 4.25,169.16,166.57,128.67
 7.93,172.14,159.80,123.00
 9.27,172.28,160.00,123.00
 9.23,172.43,160.20,123.00
16.25,172.57,160.40,123.00
16.22,172.71,160.60,123.00
24.97,172.86,160.80,123.00
25.00,173.00,161.00,123.00
31.61,172.92,161.33,123.07
32.65,173.83,158.67,121.13
38.45,180.75,159.00,121.20
36.45,179.08,161.93,123.00
42.91,180.07,162.17,123.00
43.47,180.89,160.00,121.40
49.81,180.87,160.33,121.47
49.13,180.86,160.67,121.53
55.50,180.85,161.00,121.60
54.82,180.83,161.33,121.67
61.23,180.82,161.67,121.73
61.46,183.74,160.20,120.00
67.75,183.57,160.63,120.17
67.05,183.39,161.07,120.33
73.38,183.21,161.50,120.50
71.89,182.50,163.53,121.73
75.34,182.29,164.07,121.97
77.94,182.08,164.00,122.20
78.03,180.24,162.90,121.10
75.17,187.15,163.00,121.00
75.95,187.69,161.00,119.50
76.52,186.82,163.20,120.80
75.18,186.09,164.97,121.83
81.68,185.79,165.40,122.00
79.77,184.66,168.33,123.83
86.37,184.33,168.87,124.07
88.68,186.10,163.40,120.10
88.16,185.90,163.60,120.07
84.31,183.33,170.47,124.77
91.00,183.00,171.00,125.00
91.40,183.13,170.97,124.79
99.17,183.26,170.93,124.59
99.57,183.39,170.90,124.38
99.76,184.97,171.28,124.45
99.50,184.57,172.55,125.17
107.14,186.09,172.86,125.21
110.03,188.19,167.86,121.45
111.23,189.04,166.24,120.21
109.63,187.97,170.21,122.79
109.67,185.35,170.90,123.10
110.47,185.72,170.07,122.28
117.87,178.28,170.62,122.48
119.57,179.24,168.03,120.45
112.64,179.16,168.34,120.48
108.65,175.86,177.10,126.97
107.84,175.00,179.52,128.55
104.91,172.89,186.17,132.66
105.27,172.89,186.24,132.52
107.83,174.42,181.93,129.34
115.87,174.37,182.14,129.31
116.65,174.73,181.38,128.48
117.14,172.89,181.21,128.17
119.62,174.26,177.03,125.86
127.64,168.45,176.86,125.55
126.39,167.70,180.14,126.97
136.11,167.77,180.10,126.72
136.58,167.85,180.07,126.48
146.54,167.92,180.03,126.24
147.00,168.00,180.00,126.00
161.74,168.12,180.03,125.67
156.02,164.42,190.60,133.00
171.93,164.62,190.40,132.50
169.89,163.97,193.67,133.73
185.93,172.35,193.33,133.17
185.34,172.36,193.60,133.00
201.69,172.55,193.37,132.50
199.91,171.63,196.07,134.20
208.41,171.87,195.70,133.60
210.87,173.77,190.00,129.67
227.42,174.87,187.37,127.33
227.00,174.97,187.40,127.00
234.37,175.07,187.43,126.67
233.81,175.24,187.73,126.20
241.08,175.28,188.00,126.00
238.77,174.05,191.80,128.33
246.15,174.06,192.10,128.17
247.19,174.98,189.20,126.20
254.65,178.10,189.10,125.77
254.28,177.98,189.00,125.33
261.70,177.86,188.90,124.90
261.32,177.74,188.80,124.47
266.75,176.86,191.77,125.57
263.41,174.71,198.20,129.20
266.50,173.96,195.17,127.33
267.70,175.33,191.87,124.47
275.09,166.63,191.90,124.10
269.02,162.68,203.13,131.20
276.67,162.07,203.57,131.10
276.00,162.00,204.00,131.00
284.40,161.96,203.60,130.83
280.08,151.41,210.93,135.53
288.34,142.99,210.80,135.50
286.12,141.76,214.40,138.33
296.06,124.15,214.00,138.17
301.71,128.07,202.40,130.60
301.22,119.74,203.07,131.00
300.07,119.09,205.07,132.60
308.26,100.22,205.20,132.80
307.38,99.75,206.67,134.00
307.30,83.01,206.53,134.00
306.83,83.04,207.20,134.20
306.55,73.59,207.47,134.47
304.27,72.01,211.73,137.73
303.99,54.58,212.00,138.00
303.85,54.80,212.00,137.60
294.06,54.13,213.73,139.00
289.48,51.15,222.60,145.00
283.66,42.07,222.47,145.00
284.95,43.09,219.00,143.00
281.90,43.17,218.70,142.90
283.11,44.05,216.00,141.20
274.11,44.03,216.00,141.30
274.37,44.31,215.20,140.80
257.57,44.24,215.33,141.00
257.13,44.16,215.47,141.20
255.83,35.24,215.60,141.40
261.54,39.06,204.00,133.80
253.08,39.03,204.00,133.90
253.00,39.00,204.00,134.00
253.05,39.09,203.70,133.83
249.37,36.85,210.87,138.33
249.36,29.01,210.70,138.30
248.95,36.66,211.33,138.73
247.27,28.06,214.50,141.17
247.72,28.64,213.40,140.60
247.84,29.06,212.97,140.37
246.13,28.38,216.20,142.33
255.20,28.85,215.60,142.00
257.05,30.32,211.67,139.67
257.15,30.74,211.23,139.43
261.25,33.86,202.80,133.80
262.48,39.89,200.10,131.83
263.44,36.00,197.93,130.73
267.48,40.61,197.50,130.50
263.71,37.92,205.33,135.93
267.65,42.72,205.17,135.87
272.89,46.96,194.40,128.00
273.01,55.42,193.87,127.67
273.80,56.37,192.00,126.33
271.39,64.67,191.60,126.10
270.66,64.25,193.33,127.47
271.12,64.73,192.67,127.03
270.39,57.81,194.40,129.00
264.23,64.56,193.83,128.67
265.69,66.29,190.67,125.73
264.54,73.27,192.70,128.00
261.09,71.45,199.33,132.13
261.05,71.72,199.17,132.07
261.00,72.00,199.00,132.00
260.89,71.87,198.97,132.07
255.18,68.02,210.13,139.60
253.48,75.49,213.30,142.10
255.37,76.83,209.27,139.20
248.17,76.82,208.83,139.00
257.30,78.30,204.60,135.80
250.82,78.29,204.20,135.60
250.79,77.88,204.60,136.20
251.11,86.28,204.30,136.10
254.09,87.87,198.67,132.67
254.27,87.72,198.63,132.73
258.26,90.06,191.00,127.80
254.97,97.83,191.00,127.87
253.67,94.25,193.40,129.20
252.78,97.17,195.00,130.50
250.81,95.93,198.73,132.87
247.21,99.57,198.47,132.73
248.23,99.59,196.80,132.00
240.17,104.40,196.90,132.17
243.29,106.25,191.00,128.33
235.53,106.16,191.00,128.40
236.63,106.73,189.13,127.13
238.69,109.67,185.37,124.60
231.77,115.88,184.00,124.00
232.55,114.07,189.17,127.50
224.77,122.02,189.53,127.80
220.66,118.62,199.80,134.40
213.37,129.46,196.80,133.07
218.64,133.10,186.77,125.80
211.00,133.00,187.00,126.00
211.03,132.84,186.53,126.00
203.31,132.69,186.07,126.00
206.51,134.78,179.30,121.50
199.16,140.59,178.67,121.27
196.81,138.72,183.00,124.83
189.40,138.74,182.20,124.60
191.17,139.53,178.33,122.83
183.86,139.52,177.67,122.67
183.10,139.25,178.90,123.00
183.41,146.80,178.00,122.67
183.72,146.84,177.10,122.33
184.03,154.30,176.20,122.00
185.64,155.18,172.70,119.93
185.35,162.02,173.00,120.40
185.96,161.07,171.50,120.00
186.20,168.31,170.73,119.73
185.58,166.17,171.70,120.33
185.89,166.31,170.80,120.00
186.93,166.82,168.43,118.93
187.17,166.93,167.67,118.67
191.01,169.89,159.70,112.70
191.52,172.25,158.40,112.07
192.03,172.28,157.10,111.43
192.54,172.31,155.80,110.80
190.55,170.26,159.50,114.33
185.24,169.17,158.40,113.87
186.78,170.28,154.60,111.60
180.44,170.52,153.40,111.07
177.82,168.83,158.00,114.40
178.00,169.00,157.00,114.00
177.90,168.94,155.97,114.23
171.08,175.20,154.93,114.47
169.75,174.11,156.40,116.30
162.99,181.48,155.20,116.40
164.27,182.27,151.50,114.83
157.62,182.19,150.40,115.00
157.40,181.88,149.77,115.63
150.76,188.39,148.73,115.87
151.80,188.96,145.60,114.70
145.27,191.00,144.67,115.00
145.60,191.10,143.00,114.57
139.19,190.86,142.00,114.80
140.89,192.04,137.60,112.20
134.56,191.72,136.80,112.60
136.98,193.64,131.00,108.50
128.96,195.92,131.13,109.80
126.77,193.99,134.40,113.80
126.60,193.86,133.60,114.20
126.44,193.73,132.80,114.60
116.96,200.31,132.00,115.00
116.97,200.11,131.20,115.40
117.71,202.35,128.93,114.33
121.46,202.68,123.53,110.37
115.54,208.55,122.00,110.20
114.92,208.06,122.17,111.17
108.88,207.77,121.53,111.73
109.24,207.97,119.80,111.30
108.36,206.98,120.53,113.27
105.77,204.33,124.70,118.53
98.00,198.00,124.00,119.00
102.13,198.32,126.00,118.37
106.26,198.64,128.00,117.73
110.39,198.95,130.00,117.10
106.05,199.27,132.00,116.47
110.30,199.76,133.33,115.50
100.78,200.11,135.20,114.80
104.84,200.99,136.47,113.03
99.90,201.27,138.53,112.47
103.83,202.31,139.40,110.40
90.62,198.64,141.67,110.00
94.07,199.40,142.83,108.87
80.91,203.31,145.00,108.40
84.35,203.98,145.43,107.07
76.70,204.25,147.47,106.53
61.93,204.02,151.50,107.00
64.02,208.39,153.40,105.73
61.46,205.15,154.50,104.60
61.15,204.25,160.60,106.40
53.00,201.89,163.87,106.93
55.69,203.21,163.00,104.67
51.75,201.85,165.40,104.40
52.57,202.35,167.80,104.13
41.14,196.08,170.20,103.87
40.07,195.74,175.80,105.20
28.35,190.08,178.33,105.00
31.36,191.99,174.80,101.33
33.25,199.46,173.50,99.20
36.78,201.90,168.93,94.93
23.80,203.23,170.97,94.47
24.00,203.00,173.00,94.00
14.88,203.13,169.07,93.62
20.39,204.18,162.34,91.38
26.60,210.85,154.93,89.28
35.82,213.63,141.03,83.14
28.20,208.50,137.79,83.17
29.93,206.61,139.52,86.79
28.43,206.54,136.10,86.76
33.81,205.78,131.07,86.10
24.79,205.50,127.83,86.24
30.39,205.54,123.31,85.76
30.74,206.67,120.24,86.03
36.75,206.75,115.41,85.72
40.17,210.99,112.90,86.93
44.55,209.92,112.00,88.79
41.43,211.17,110.45,90.17
47.46,211.55,106.79,89.41
42.44,211.41,103.66,89.69
49.81,212.46,97.62,87.59
49.10,208.17,93.62,87.21
55.23,207.50,90.52,88.66
47.74,205.73,86.97,88.59
53.38,205.51,85.07,89.62
51.40,206.62,82.97,90.31
57.70,206.33,80.66,91.10
55.82,203.01,77.72,91.48
62.78,203.63,73.90,90.07
65.69,199.68,70.93,90.38
71.60,198.39,68.93,92.62
74.00,202.00,66.00,93.00
74.28,203.30,65.53,91.73
70.67,208.54,65.07,90.47
70.94,209.72,64.70,89.40
67.26,218.58,64.27,88.20
66.31,218.08,66.33,90.33
58.32,219.86,65.80,89.00
62.49,221.95,63.73,86.13
60.10,223.97,62.53,83.40
60.38,225.23,62.10,82.20
59.76,229.36,61.67,81.00
61.08,232.14,58.97,76.53
47.30,230.93,58.40,75.60
46.50,231.05,60.23,76.70
41.79,227.58,59.87,75.60
42.51,229.25,58.50,73.50
27.35,227.49,58.20,72.47
27.43,228.53,58.20,71.73
24.72,230.66,56.60,68.80
26.84,231.90,55.87,67.67
14.59,236.29,55.33,66.33
14.96,237.58,54.80,65.00
10.47,238.87,54.27,63.67
10.14,239.62,55.03,63.40
 6.55,242.97,55.40,63.80
 5.99,243.29,56.67,64.33
 6.23,246.86,56.33,63.27
 7.02,248.62,54.90,61.10
 4.38,252.68,54.60,60.07
 3.69,252.89,56.20,60.93
 1.00,254.00,56.00,60.00
