143.00,49.00,121.00,72.00
141.74,49.37,120.37,74.73
139.55,44.34,121.60,78.40
139.71,45.00,119.30,80.50
140.27,50.57,117.00,82.47
139.32,50.21,118.50,86.67
139.38,50.89,116.40,88.80
136.41,51.15,115.97,91.77
137.09,53.73,113.33,93.27
141.56,55.90,106.70,92.80
140.44,58.92,102.67,92.00
141.10,59.91,100.10,93.83
138.34,59.64,101.00,98.20
140.98,59.91,101.17,101.47
145.01,61.15,99.33,102.80
148.86,55.86,100.50,107.50
153.51,55.58,102.60,111.73
153.04,54.93,101.57,113.27
155.31,56.64,98.80,113.80
159.82,58.48,98.90,116.90
169.55,57.44,101.67,122.67
182.40,65.23,98.30,121.30
172.56,62.70,96.27,121.80
181.61,65.23,92.87,118.80
188.77,54.59,93.40,123.80
186.76,57.66,99.83,135.67
189.47,64.08,97.87,136.00
189.88,64.38,97.70,138.90
185.85,70.28,97.73,141.87
186.07,74.85,99.83,147.87
187.00,75.00,100.00,151.00
181.72,69.88,99.57,149.43
182.24,64.84,99.13,147.87
183.57,66.82,97.10,143.80
185.03,73.82,94.80,139.53
189.55,71.92,97.67,142.83
190.26,68.05,96.80,140.80
185.62,68.24,95.57,138.17
187.65,71.00,89.20,128.13
188.78,72.60,86.60,124.70
189.68,74.68,85.00,120.33
193.44,78.30,80.60,113.60
193.57,80.92,77.60,108.20
187.31,83.50,77.70,106.43
185.53,88.39,76.33,103.60
183.68,89.70,76.00,102.00
181.49,94.51,76.00,101.20
180.71,96.17,77.87,103.70
180.70,98.37,78.20,103.60
176.73,102.15,77.47,101.37
176.31,106.45,78.67,102.00
170.96,108.19,80.80,104.50
172.07,110.42,80.60,103.33
168.39,111.60,79.33,101.10
167.86,112.90,81.00,102.00
167.23,113.45,81.00,101.17
164.17,114.30,80.60,99.73
163.25,114.24,82.00,100.10
164.84,115.89,79.87,97.07
161.41,121.14,79.43,95.53
162.00,122.00,79.00,94.00
157.62,122.26,79.43,93.53
157.33,118.53,79.73,93.00
158.50,120.75,77.40,88.90
155.03,122.09,76.13,87.67
153.93,123.38,78.33,88.17
154.29,127.68,77.60,87.20
152.84,127.10,80.50,89.20
155.84,128.19,80.53,87.87
156.12,129.09,79.70,86.90
155.83,129.96,80.00,86.00
155.75,133.69,79.87,85.33
154.75,133.87,81.60,85.60
154.94,136.48,80.93,84.67
153.53,136.61,83.47,85.33
151.30,137.31,85.50,87.00
150.94,137.73,85.80,86.93
151.14,138.97,84.97,85.23
151.81,140.67,83.20,82.60
151.85,142.76,82.70,81.23
149.42,144.17,84.33,82.00
146.31,143.96,86.10,82.90
142.48,144.42,86.53,82.47
140.63,145.92,86.73,81.57
145.17,147.19,85.60,79.60
144.68,145.80,86.17,79.50
139.28,146.27,86.53,79.00
137.04,145.83,88.70,80.30
141.41,146.91,87.27,78.00
145.12,143.72,87.53,77.40
149.00,144.00,88.00,77.00
153.09,143.41,86.83,76.80
153.04,138.91,85.73,76.73
155.62,140.00,80.00,72.80
160.49,140.54,76.53,70.40
160.49,140.00,75.50,70.17
164.74,136.60,73.00,68.60
165.23,136.41,70.93,67.70
165.60,135.94,69.13,67.33
169.41,136.74,67.20,66.30
172.43,139.40,66.67,67.00
176.05,145.17,65.47,66.00
178.91,148.49,65.80,67.00
182.21,150.77,65.30,67.87
184.47,152.51,66.27,69.80
186.90,152.38,67.00,72.00
185.61,153.59,68.40,75.47
188.87,155.90,67.80,75.93
187.87,156.82,68.60,77.20
185.78,160.21,67.17,76.80
184.58,158.99,67.00,78.33
183.58,161.55,67.50,79.60
183.25,160.95,66.67,79.87
182.16,159.58,67.37,81.67
180.40,160.84,63.60,78.20
178.13,155.89,65.00,81.50
177.04,154.39,65.73,83.33
175.78,152.32,66.80,86.30
175.59,151.66,65.73,86.47
175.26,154.72,64.93,86.77
175.00,154.00,64.00,87.00
174.67,154.08,64.47,86.13
174.34,154.16,64.93,85.27
174.01,154.24,65.40,84.40
174.11,158.39,65.00,81.80
176.69,156.65,67.17,84.33
175.17,155.44,70.00,85.80
174.20,155.60,70.10,84.53
170.06,154.59,71.80,85.60
169.64,154.75,70.50,82.90
169.37,154.93,70.67,81.67
166.88,154.54,70.20,79.17
165.41,152.18,70.40,78.00
165.14,152.34,70.60,76.83
166.16,154.17,71.27,76.60
167.48,153.92,72.50,76.00
168.95,152.04,72.80,74.93
168.01,153.09,70.67,72.00
169.04,150.88,72.20,71.60
168.21,148.82,73.70,71.73
167.81,150.10,74.33,71.00
167.39,152.36,75.00,70.30
165.67,152.80,78.27,70.73
164.27,153.74,82.80,73.30
164.66,158.98,81.60,71.20
166.39,159.11,84.00,71.50
165.36,161.77,85.87,72.87
165.74,167.24,85.80,70.50
162.93,165.36,90.93,73.20
167.35,170.97,89.50,71.07
167.00,171.00,90.00,70.00
170.95,171.02,89.20,68.97
176.08,176.22,85.53,65.07
173.98,174.06,89.40,67.80
178.65,174.34,86.93,66.00
181.45,173.81,88.17,65.83
180.46,172.80,89.20,66.60
183.15,172.10,90.63,66.77
184.39,172.23,88.67,65.27
187.79,171.95,88.60,64.60
187.46,172.62,88.33,64.00
191.05,172.55,87.77,63.10
194.57,174.99,87.20,62.20
195.07,174.50,87.77,61.87
196.74,172.74,91.20,64.07
199.93,176.19,91.50,63.50
198.95,174.07,96.67,66.33
201.48,176.07,94.97,64.73
201.61,176.35,93.60,63.00
204.97,177.78,93.43,62.47
205.33,176.43,96.00,63.67
205.28,178.69,95.10,62.40
208.59,179.91,95.13,61.33
206.81,180.74,97.60,63.40
209.02,179.86,100.00,63.80
211.25,179.49,100.67,63.17
211.84,182.80,99.87,61.87
214.02,182.77,101.20,61.80
217.52,182.35,101.27,61.20
221.25,182.14,100.70,60.17
221.00,182.00,100.00,59.00
220.94,181.78,99.03,59.33
223.68,181.33,99.93,60.60
225.78,175.68,102.60,63.80
226.13,171.41,101.47,64.07
225.36,170.67,100.67,64.50
223.30,165.90,103.40,67.00
221.88,165.33,104.83,68.33
222.06,163.51,105.13,70.13
222.51,163.75,103.10,69.60
222.32,163.36,102.33,70.33
225.84,166.66,102.73,72.23
228.39,168.02,101.80,72.80
227.43,171.83,102.27,74.20
230.92,173.46,102.53,76.00
234.20,174.76,103.50,77.50
233.41,174.48,103.53,78.20
230.06,173.67,104.07,79.97
222.32,170.41,104.40,81.60
218.63,162.07,99.13,78.80
211.57,157.52,97.67,79.00
210.83,156.70,97.60,80.60
215.69,156.41,96.73,81.13
214.93,155.66,96.73,82.60
219.21,151.86,93.40,81.40
219.53,151.89,91.50,81.33
227.25,153.53,86.47,78.07
231.01,153.27,85.60,78.60
235.50,157.73,83.13,77.80
233.97,159.98,84.53,80.83
238.00,160.00,83.00,81.00
238.03,159.88,83.03,80.23
244.01,158.56,78.33,74.73
238.01,155.95,82.80,78.50
238.51,156.74,81.00,75.93
238.29,157.11,81.33,75.33
238.11,157.00,81.60,74.80
237.77,156.85,82.17,74.33
233.47,155.71,82.87,73.93
229.31,151.93,81.90,72.70
222.51,150.95,84.00,73.67
220.87,151.65,82.10,71.30
219.49,155.31,82.20,70.60
219.68,156.96,81.73,69.33
217.20,156.41,83.33,69.67
214.40,157.90,84.50,70.00
215.03,160.36,83.20,67.87
214.69,158.02,83.83,67.67
218.87,158.43,82.80,65.80
223.02,160.78,81.80,64.60
225.39,161.18,84.33,65.67
229.10,163.64,84.20,64.70
228.80,163.40,84.67,64.33
228.65,163.32,84.83,63.67
227.70,166.51,86.60,63.80
231.26,170.13,86.83,63.17
230.36,173.86,88.47,63.93
235.01,178.54,85.70,61.20
234.40,178.07,87.53,61.27
235.14,182.09,85.90,59.73
235.00,182.00,86.00,59.00
234.44,185.36,87.27,59.93
229.26,184.69,90.20,61.73
229.73,185.03,89.30,61.50
230.07,185.96,88.67,61.47
230.05,185.91,87.33,60.67
224.86,182.48,90.20,62.40
224.79,178.74,90.33,63.00
225.12,176.74,89.67,62.73
223.75,174.78,92.40,64.40
222.11,171.56,95.67,66.67
219.96,169.84,95.67,67.00
220.00,163.78,95.80,67.40
219.69,164.05,96.63,67.30
218.82,163.19,98.60,69.47
218.73,163.40,99.00,69.50
219.72,163.14,100.33,70.47
217.71,163.23,101.40,70.73
213.84,161.42,103.40,72.00
213.22,161.35,104.53,72.83
216.25,161.44,105.00,73.33
215.06,160.64,107.60,75.60
214.27,156.67,109.40,76.80
213.78,156.39,110.60,77.70
214.10,161.66,110.20,77.00
214.81,161.80,109.00,77.17
208.90,161.21,112.60,78.80
209.30,161.48,111.00,78.70
208.87,161.14,112.00,79.47
209.40,162.16,111.07,78.30
209.00,162.00,112.00,79.00
204.95,162.41,110.80,78.20
207.53,164.22,105.87,74.60
209.09,165.48,103.00,72.10
208.84,164.94,103.73,73.20
208.03,164.17,104.50,73.67
208.68,159.11,103.20,72.60
209.91,158.43,102.30,72.33
210.31,155.06,101.73,71.93
212.20,152.12,98.20,69.50
216.39,147.93,98.33,69.67
218.18,150.35,97.57,69.23
221.50,151.66,96.60,69.40
222.04,155.28,98.90,70.80
222.58,160.35,98.20,70.40
222.11,168.48,99.50,71.00
226.17,169.91,100.27,72.07
228.83,173.04,103.97,74.63
226.30,177.05,105.20,75.60
226.34,176.64,105.70,76.40
227.31,177.16,104.33,75.33
228.61,178.01,102.30,73.60
225.96,177.93,102.13,73.73
225.72,177.39,102.90,74.80
228.62,174.79,97.40,71.20
227.36,171.17,98.50,71.83
226.40,170.03,101.07,73.87
223.51,169.85,99.90,73.00
224.94,171.00,97.40,70.80
226.44,171.73,94.77,69.43
227.00,172.00,94.00,69.00
227.25,171.87,93.53,69.00
229.26,176.92,89.53,66.40
229.78,176.69,89.30,66.60
230.34,180.64,88.47,66.07
233.37,180.61,89.17,67.17
233.66,182.99,90.20,68.80
234.18,181.99,89.43,68.70
234.24,178.62,89.60,69.07
237.63,178.58,88.70,68.90
239.26,174.80,88.00,68.33
238.24,174.66,87.60,68.37
238.25,174.12,87.60,69.20
239.02,170.66,86.10,68.17
238.88,170.39,86.40,68.47
240.70,169.75,86.50,69.50
242.77,169.78,86.27,69.20
239.69,165.88,88.90,71.27
239.69,163.30,89.20,72.60
239.97,159.02,88.93,72.80
239.91,158.60,89.33,73.33
239.92,155.27,89.60,74.10
246.16,156.41,85.53,71.27
249.26,159.94,85.43,71.47
246.77,162.32,86.40,72.20
244.81,166.54,84.17,71.33
241.88,170.25,83.53,71.27
242.11,173.50,82.90,71.20
237.57,173.00,84.13,72.07
237.79,169.19,83.57,72.03
238.00,169.00,83.00,72.00
242.10,169.14,84.07,72.63
242.32,169.28,85.13,73.27
241.49,164.84,88.30,75.00
241.69,161.35,89.40,75.67
238.44,157.73,89.17,75.67
238.73,157.93,90.00,76.20
233.16,155.54,93.93,79.43
228.10,152.13,96.53,80.80
227.29,152.60,96.20,80.70
224.11,152.54,98.00,81.67
221.27,149.58,96.00,79.60
222.30,150.35,95.00,78.80
217.96,150.44,96.00,79.37
218.30,148.89,96.33,79.27
219.21,150.02,95.50,78.00
214.84,151.95,96.53,78.60
215.21,152.24,96.70,78.77
214.12,151.50,99.80,81.00
212.67,150.18,100.90,81.67
213.20,150.68,101.00,81.67
212.10,150.81,102.20,82.40
212.47,152.14,102.87,82.60
211.89,150.68,105.43,84.70
212.11,150.82,106.40,85.40
211.63,151.02,107.67,86.00
211.84,150.65,108.87,86.87
211.93,151.11,110.30,87.80
212.89,152.01,110.00,87.00
208.00,152.00,111.50,88.00
208.00,152.00,113.00,89.00
208.62,152.06,112.53,90.43
204.25,152.18,111.93,91.73
206.78,153.77,107.60,90.10
200.56,147.48,110.60,94.07
198.60,149.27,106.17,92.00
197.58,146.90,99.60,88.80
194.05,144.59,98.13,89.03
190.93,142.29,95.87,88.47
188.13,138.89,93.00,87.70
185.36,140.32,90.33,86.33
182.02,138.92,88.80,87.03
180.99,138.03,86.60,86.40
178.18,138.75,84.40,86.33
174.48,139.67,83.87,85.87
172.04,136.83,81.00,84.50
168.13,136.91,81.20,85.67
164.95,133.37,79.77,85.70
160.80,134.07,78.80,85.60
158.27,135.19,75.67,84.63
155.47,134.82,76.33,86.67
155.17,136.09,75.20,86.90
157.27,134.98,71.60,84.20
154.65,135.84,69.63,83.53
155.44,136.65,68.60,83.00
157.34,138.18,65.33,81.00
157.31,137.78,66.80,82.87
162.45,139.20,63.70,81.10
162.86,135.61,63.47,82.07
159.73,135.66,63.20,83.00
160.00,132.00,63.00,84.00
159.98,128.36,63.07,83.97
161.82,130.74,59.40,79.27
159.89,127.97,63.30,84.10
158.55,123.26,66.00,86.73
158.65,123.49,65.83,86.33
159.87,124.78,63.40,83.80
160.28,124.83,63.47,83.77
160.33,124.87,63.53,83.73
160.72,125.62,62.90,82.30
160.74,125.63,63.00,82.33
160.26,124.64,64.10,84.37
161.09,129.57,62.60,81.80
162.48,129.14,63.17,82.73
163.54,128.14,65.27,84.80
163.25,123.83,66.00,86.00
163.70,124.49,65.27,84.73
164.49,121.52,63.83,83.27
166.90,121.16,64.60,84.00
170.73,117.65,64.17,83.53
173.36,117.34,63.67,83.00
172.69,113.44,65.00,83.60
173.24,110.01,63.87,83.13
173.10,106.23,64.13,83.37
173.06,106.33,64.20,83.20
172.06,105.37,66.17,84.33
171.26,104.30,67.53,86.67
167.89,105.43,67.10,85.30
168.37,110.45,65.53,84.60
168.35,111.19,64.87,82.93
165.00,115.00,65.00,83.00
161.08,118.36,65.37,82.93
154.51,117.21,68.53,85.67
152.05,121.07,67.00,84.60
156.97,129.72,63.87,80.13
155.20,128.64,67.00,83.00
150.71,127.86,68.00,84.20
148.79,126.96,69.93,85.67
144.85,129.75,71.60,87.60
143.53,129.72,71.80,87.30
138.55,129.03,73.33,88.33
135.54,130.21,71.10,85.60
132.92,130.23,71.20,85.20
119.45,129.39,69.87,83.23
120.12,129.57,70.33,82.27
116.66,131.53,70.00,82.50
114.31,129.52,70.07,82.13
112.44,128.95,71.40,82.60
114.63,129.32,71.00,81.20
112.65,128.48,71.80,82.20
109.78,128.41,72.33,81.67
107.96,127.41,73.40,83.00
106.74,126.24,75.73,84.67
106.30,128.74,76.50,85.30
105.25,128.50,77.00,85.40
102.76,127.41,79.17,87.17
103.01,128.00,78.00,85.60
98.43,126.85,80.30,87.50
98.28,126.57,80.87,87.67
98.02,126.28,81.43,87.83
98.00,126.00,82.00,88.00
98.53,126.02,81.87,88.70
99.96,126.91,79.93,87.67
97.19,127.32,79.00,87.60
97.36,126.82,79.87,89.33
97.97,126.78,79.83,90.17
102.27,127.13,79.00,90.20
102.11,126.34,80.23,92.53
102.55,126.24,80.27,93.47
102.21,124.08,79.00,92.80
105.58,127.82,77.33,91.67
106.36,128.13,76.63,91.80
106.70,127.39,76.80,92.20
107.45,127.07,76.17,93.43
109.23,129.15,75.67,94.27
110.27,129.49,75.50,94.50
111.33,129.08,74.33,93.73
108.97,130.56,74.67,94.97
108.93,130.17,75.40,96.60
109.10,129.99,75.70,97.80
112.91,133.79,75.00,97.33
113.78,135.43,74.20,97.40
115.14,136.22,73.40,96.73
116.46,137.17,71.60,95.77
113.45,139.14,70.00,94.20
112.50,137.25,72.67,98.67
108.43,137.09,73.00,99.67
103.94,133.59,72.10,98.70
101.48,130.93,69.13,95.67
96.76,127.09,69.00,96.23
97.00,127.00,69.00,97.00
96.72,126.34,69.67,97.40
92.63,121.61,70.27,97.60
93.41,118.44,70.30,96.60
92.85,112.75,72.20,99.13
99.60,110.59,75.50,103.00
99.76,111.16,74.20,101.40
99.55,113.96,74.90,101.80
104.14,114.60,74.67,99.80
103.25,112.93,76.80,102.40
104.97,108.71,76.33,101.33
102.20,107.18,78.53,103.60
101.60,105.87,80.00,105.40
101.16,105.12,81.13,106.10
100.55,103.83,82.60,107.87
97.79,103.61,83.00,107.50
97.51,103.32,83.47,107.27
95.54,104.73,83.73,107.20
95.99,108.22,83.00,105.40
100.47,107.63,83.63,105.83
100.42,108.42,84.00,106.00
100.70,108.18,83.70,105.50
100.58,107.80,84.20,105.27
99.96,106.83,85.30,106.23
99.67,105.95,86.20,107.00
99.93,105.13,87.17,107.67
104.35,104.17,88.20,108.60
109.14,103.13,89.40,109.70
114.76,101.82,90.67,110.87
114.42,100.88,91.87,112.00
119.00,100.00,93.00,113.00
124.35,100.32,92.72,112.83
123.94,99.64,94.38,114.66
130.35,100.86,92.28,112.69
134.35,100.29,93.76,114.31
139.74,100.61,93.45,114.14
140.17,99.75,94.72,116.34
146.26,100.36,94.10,115.59
151.50,102.13,91.69,112.52
156.26,101.49,92.66,114.28
158.51,105.80,91.48,113.17
165.04,107.03,89.69,110.83
171.07,107.44,88.86,110.10
175.93,107.06,89.62,110.97
178.60,104.19,89.28,111.24
183.73,102.20,89.76,111.79
187.04,100.29,89.07,111.17
192.94,100.19,89.62,111.79
199.82,101.03,88.31,110.55
206.02,101.10,88.52,110.83
212.09,101.87,87.34,109.72
212.88,102.29,86.86,109.31
217.23,102.71,86.38,108.90
218.18,103.13,85.90,108.48
219.14,103.55,85.41,108.07
224.28,103.81,84.66,107.24
225.25,104.12,84.45,107.24
230.20,106.75,84.10,106.97
236.07,107.34,83.62,106.55
238.00,108.00,83.00,106.00
