108.00,65.00,237.00,296.00
107.89,64.40,237.23,296.00
107.78,64.51,237.47,296.00
107.67,73.82,237.70,296.00
107.56,73.22,237.93,296.00
104.95,69.62,243.17,302.00
102.84,66.63,247.40,306.80
102.81,66.13,247.47,306.60
102.78,65.63,247.53,306.40
102.76,65.13,247.60,306.20
102.73,64.64,247.67,306.00
104.54,66.34,244.07,301.40
100.43,66.04,243.80,300.80
95.16,67.05,241.37,297.60
100.16,72.62,231.40,285.27
89.97,72.40,231.00,284.50
92.13,74.55,226.73,279.00
92.90,75.26,225.23,276.40
91.53,79.31,228.00,279.60
91.88,75.08,234.83,287.57
96.13,64.46,240.00,294.00
97.72,65.86,236.90,290.00
98.80,74.43,234.80,287.20
100.00,72.78,237.37,290.00
99.48,74.92,233.60,285.20
99.48,74.77,233.67,285.00
99.48,74.61,233.73,284.80
99.49,74.46,233.80,284.60
99.33,74.81,234.20,284.80
97.08,71.61,238.77,290.00
97.00,71.00,239.00,290.00
97.26,70.87,239.13,290.23
95.19,67.93,243.93,296.07
95.54,67.90,243.90,296.10
95.89,67.87,243.87,296.13
96.65,68.33,243.00,295.17
97.08,68.40,242.80,295.00
87.39,69.17,241.43,293.43
91.58,73.73,233.73,284.27
91.18,72.80,235.20,286.10
80.91,72.67,235.33,286.33
87.92,76.02,229.77,279.60
85.88,72.70,235.20,286.20
92.26,72.38,235.63,286.80
89.97,69.13,240.87,293.27
91.49,70.50,238.50,290.50
91.85,70.47,238.47,290.53
93.62,72.13,235.60,287.17
95.25,73.70,233.00,284.00
89.17,73.85,232.67,283.67
86.33,70.33,238.33,290.67
96.26,73.30,233.30,284.70
94.79,71.07,236.93,289.13
95.06,70.93,237.07,289.37
95.34,70.80,237.20,289.60
95.62,70.67,237.33,289.83
95.56,70.13,238.13,290.87
95.92,70.10,238.10,290.90
96.28,70.07,238.07,290.93
96.64,70.03,238.03,290.97
97.00,70.00,238.00,291.00
96.79,69.83,237.90,290.72
98.91,72.45,233.14,284.86
98.82,72.43,232.79,284.28
91.70,74.81,228.59,278.90
95.91,81.40,220.34,268.66
92.27,79.50,223.59,272.55
88.03,91.72,216.24,263.52
91.91,96.13,208.66,254.10
91.14,94.81,210.38,256.14
81.98,98.80,209.07,254.38
81.51,98.42,210.21,255.21
83.61,100.77,206.17,250.59
77.94,100.33,207.10,251.55
78.93,101.18,205.97,249.93
79.55,101.85,205.59,248.66
79.19,94.73,207.14,251.69
77.77,92.56,210.83,255.41
83.64,94.26,207.14,251.38
81.65,88.55,211.31,255.62
79.97,86.60,214.86,259.55
79.67,86.20,215.66,260.38
86.09,84.39,218.52,264.03
84.02,81.45,223.55,269.93
85.50,80.79,224.79,271.28
85.00,80.14,226.03,272.62
82.49,77.03,231.28,278.86
81.85,76.18,232.79,280.59
89.50,72.69,238.72,287.59
89.00,72.00,240.00,289.00
89.01,72.12,239.70,289.57
89.01,71.54,239.40,290.13
90.82,63.95,235.50,286.50
90.25,63.37,236.33,288.47
89.94,63.10,236.67,289.83
89.63,62.82,237.00,291.20
91.86,62.54,237.33,292.57
91.91,62.26,237.67,293.93
99.32,61.99,238.00,295.30
97.36,70.43,241.67,300.67
98.72,72.16,238.67,298.03
96.92,65.74,242.00,303.00
94.96,63.10,245.67,308.37
94.99,62.87,245.33,308.93
97.27,60.21,240.50,303.50
98.63,56.30,237.53,300.87
98.73,51.52,237.07,301.23
99.83,52.96,234.60,299.20
100.76,54.20,232.47,297.57
103.03,64.06,227.67,292.67
102.38,63.19,228.70,294.90
99.89,60.16,233.40,301.47
98.96,58.52,235.00,305.23
96.83,55.89,239.00,311.00
85.89,55.55,239.17,312.17
83.16,52.22,244.33,319.33
82.94,51.88,244.50,320.50
84.16,43.28,240.33,316.47
73.98,43.04,240.33,317.43
74.00,43.00,240.00,318.00
74.24,43.42,239.60,317.40
61.46,41.25,243.53,322.00
66.58,47.57,233.40,309.60
56.28,48.10,232.87,308.80
58.61,51.54,228.33,302.17
58.51,55.98,224.60,297.60
51.94,66.89,221.30,292.60
55.36,71.51,214.60,283.60
56.73,66.24,212.00,280.30
57.97,68.51,209.67,276.67
58.54,75.91,208.67,275.40
67.36,74.03,211.40,279.40
64.47,70.26,217.33,287.20
74.55,74.82,217.93,288.00
71.35,76.01,224.50,297.00
70.15,64.22,227.07,300.00
66.56,59.64,234.40,309.40
77.18,59.66,234.60,309.60
76.43,58.58,236.27,312.00
75.65,57.71,238.00,314.00
76.54,58.83,236.40,312.00
74.75,55.33,240.13,316.40
78.56,51.84,232.70,307.40
76.69,57.94,236.60,312.00
78.83,51.82,232.50,307.00
78.96,51.86,232.40,306.80
76.85,49.19,236.80,312.00
76.90,49.13,236.87,312.00
76.87,48.96,237.10,312.20
77.00,49.00,237.00,312.00
77.14,49.34,237.07,311.67
77.28,49.68,237.13,311.33
78.49,50.02,237.20,311.00
77.57,50.36,237.27,310.67
77.71,50.70,237.33,310.33
67.21,48.64,241.40,314.80
65.30,49.08,241.30,314.27
66.20,50.32,239.87,312.13
60.77,52.96,236.10,307.20
59.51,55.40,232.67,302.67
60.93,57.64,230.20,298.53
54.72,57.88,230.40,298.40
49.49,56.82,232.77,300.87
43.89,56.96,233.13,300.93
45.49,58.60,231.00,298.00
48.16,61.84,226.73,291.87
42.64,62.08,226.97,291.73
42.71,62.32,227.20,291.60
42.77,62.56,227.43,291.47
42.84,62.80,227.67,291.33
41.50,60.94,230.70,295.40
42.97,65.36,228.13,291.07
43.04,65.34,228.37,290.93
39.50,68.89,235.80,300.40
39.42,60.13,236.33,300.67
39.34,69.15,236.87,300.93
39.25,69.28,237.40,301.20
38.48,59.45,237.93,301.47
39.00,59.13,238.63,301.93
39.00,59.00,239.00,302.00
38.60,59.12,239.10,302.27
38.20,58.53,239.20,302.53
40.05,61.00,234.80,297.40
39.57,60.66,235.07,297.87
39.08,62.12,235.33,298.33
36.10,59.14,240.60,304.80
33.70,58.14,244.70,309.87
31.47,64.24,248.47,314.53
32.90,58.83,244.90,310.40
29.17,55.13,251.67,318.67
28.93,52.64,251.43,318.53
28.70,52.87,251.20,318.40
29.88,54.80,248.13,314.87
30.90,56.53,245.40,311.73
30.50,56.56,245.50,312.00
30.10,56.59,245.60,312.27
30.03,57.02,245.03,311.73
28.30,55.45,247.80,315.20
27.98,55.57,247.73,315.27
29.33,57.70,244.33,311.33
29.10,57.93,244.10,311.20
28.20,57.36,245.20,312.67
28.05,57.69,244.80,312.33
29.90,60.42,240.40,307.20
29.83,60.85,239.83,306.67
31.83,64.28,235.13,300.13
34.25,67.71,229.60,293.60
34.33,68.34,228.73,292.67
34.17,68.67,228.37,292.33
34.00,69.00,228.00,292.00
35.93,67.20,227.97,291.93
37.85,65.40,227.93,291.87
39.53,64.34,228.40,292.40
41.37,62.79,228.53,292.53
43.21,61.24,228.67,292.67
36.69,59.68,228.80,292.80
42.33,62.35,222.03,284.50
42.23,61.41,221.13,283.40
45.40,61.87,218.60,279.50
46.27,59.14,220.67,282.00
47.90,57.30,221.23,282.70
48.72,54.27,223.40,285.80
50.27,47.73,224.10,286.70
46.23,45.24,225.07,288.00
54.28,49.42,223.50,286.00
50.11,45.54,226.20,289.40
51.46,42.30,228.00,291.53
54.71,41.29,226.00,289.20
56.54,38.59,226.83,290.27
51.96,33.66,226.33,289.00
60.35,32.42,228.10,291.50
62.38,30.42,228.53,292.00
65.85,27.84,230.13,293.67
41.16,70.67,229.40,293.00
40.10,67.22,237.33,303.50
39.99,65.79,239.27,305.87
50.90,64.68,240.60,307.60
51.52,63.44,241.07,308.13
52.83,63.69,240.87,307.87
64.00,53.00,241.00,308.00
74.35,53.48,239.76,307.59
72.34,40.72,243.17,312.76
85.51,44.51,236.86,306.14
94.45,42.70,239.79,310.69
110.23,52.57,238.24,309.86
119.04,48.64,240.66,313.79
119.63,46.25,242.72,318.07
136.06,41.45,240.83,316.79
141.74,53.60,233.28,308.41
141.60,64.60,231.86,307.79
139.91,63.13,233.55,310.90
139.21,56.37,233.24,311.69
140.69,54.92,228.59,306.55
135.03,49.88,226.86,305.52
137.84,53.78,220.31,298.69
136.97,52.62,221.10,302.00
130.98,47.13,220.17,302.00
130.63,53.60,219.24,302.00
130.27,55.01,218.31,302.00
136.17,57.81,218.93,303.86
137.01,59.28,216.31,300.97
138.76,61.90,211.86,295.79
139.06,62.34,210.31,294.97
129.44,60.30,212.07,299.10
127.26,56.13,214.79,304.48
138.36,59.85,209.24,297.86
127.35,57.77,211.55,302.83
127.17,58.39,210.28,302.41
127.00,59.00,209.00,302.00
127.23,58.71,209.17,302.13
119.36,71.52,205.33,296.27
122.98,75.89,198.70,287.10
124.73,77.92,195.80,282.60
123.02,74.75,199.83,288.50
122.65,73.58,201.20,290.40
120.65,66.02,200.97,289.90
117.39,59.00,207.40,298.67
117.20,61.70,207.70,299.00
117.01,58.21,208.00,299.33
117.55,62.69,206.83,297.47
123.11,55.00,203.80,292.80
122.59,59.66,205.43,295.13
120.87,56.47,209.47,301.07
121.15,61.37,209.50,301.00
122.37,68.98,207.67,298.13
122.59,68.77,207.83,298.27
123.60,69.77,206.40,296.00
122.49,64.34,209.23,300.13
113.70,57.40,213.67,306.67
111.82,59.26,211.30,303.00
114.89,66.21,205.73,294.53
107.42,63.58,205.77,294.47
103.75,61.24,209.00,299.20
105.62,63.70,205.83,294.33
104.16,61.16,209.33,299.47
104.37,61.12,209.50,299.60
104.58,61.08,209.67,299.73
104.79,61.04,209.83,299.87
105.00,61.00,210.00,300.00
104.94,61.22,210.50,300.03
104.88,61.43,211.00,300.07
104.56,61.35,212.00,300.70
104.42,61.46,212.67,300.93
94.02,57.31,216.67,306.17
95.89,59.58,214.00,301.40
93.97,48.44,218.90,307.63
103.76,51.55,215.33,301.87
103.61,51.66,216.00,302.10
107.49,59.50,215.67,300.33
106.29,57.17,219.17,304.77
113.53,58.04,218.00,302.80
115.76,54.80,223.10,309.03
118.20,62.56,219.33,303.27
118.18,57.40,220.50,303.50
118.25,62.67,221.47,304.13
118.32,62.60,222.43,304.77
119.90,57.92,220.40,301.80
120.05,57.59,221.20,302.23
120.21,57.27,222.00,302.67
122.12,59.04,219.30,298.90
121.82,65.68,221.00,300.73
122.59,58.59,220.57,299.37
122.83,58.36,221.20,299.60
122.74,57.63,222.50,300.83
125.41,54.91,227.33,306.07
126.83,53.66,228.00,306.30
126.88,53.77,228.67,306.53
126.94,53.89,229.33,306.77
127.00,54.00,230.00,307.00
127.61,53.87,228.63,307.20
128.34,53.95,227.00,307.00
129.02,44.41,225.50,307.00
127.52,40.83,228.33,312.20
128.28,40.93,226.67,312.00
129.33,41.63,224.40,310.60
121.59,41.13,223.33,311.60
120.71,46.12,225.67,317.40
132.97,50.96,216.50,307.00
129.51,57.88,209.33,299.00
127.56,58.75,206.70,297.20
128.17,58.62,205.40,297.40
127.64,56.79,206.37,301.00
131.13,54.95,208.40,304.60
132.35,52.81,206.50,304.00
123.45,52.92,204.60,303.40
124.72,53.03,202.70,302.80
115.92,49.93,200.80,302.20
118.14,51.40,197.07,299.40
119.35,45.25,195.33,299.00
120.57,45.21,193.60,298.60
119.22,40.76,197.00,307.00
121.46,50.35,193.20,302.40
121.41,58.58,194.00,307.00
121.26,56.55,195.00,311.00
123.94,68.91,190.33,306.20
116.31,60.20,188.60,305.80
124.24,59.12,191.13,311.80
125.61,49.11,189.77,312.03
126.00,48.00,189.00,313.00
125.54,48.17,189.50,311.43
134.34,48.34,190.00,309.87
135.15,50.95,187.30,303.40
132.50,48.34,191.53,307.40
128.64,48.01,194.83,310.17
128.38,57.85,193.60,305.80
116.84,54.26,199.53,311.77
116.77,58.31,198.60,307.93
114.50,68.24,195.80,301.30
109.02,65.07,205.00,313.33
103.34,69.56,200.73,303.83
100.94,68.53,203.40,305.40
92.45,66.89,206.87,308.17
92.12,68.46,206.07,304.53
88.93,70.54,211.00,310.00
89.79,67.28,217.27,315.33
89.51,74.75,215.70,311.27
89.39,76.74,213.80,306.80
96.45,80.22,210.73,299.37
94.60,72.46,213.00,300.67
94.23,72.52,213.80,299.40
101.52,73.97,212.73,295.33
102.09,72.62,215.40,296.87
100.89,72.68,216.20,295.60
99.69,72.73,217.00,294.33
107.43,72.79,217.80,293.07
106.77,73.19,218.20,291.10
105.85,73.13,219.13,290.07
104.92,73.06,220.07,289.03
104.00,73.00,221.00,288.00
104.21,72.71,220.90,287.53
104.59,72.62,220.47,286.67
104.10,69.73,223.80,291.40
106.19,71.84,220.60,286.13
116.08,72.47,219.00,283.83
116.04,71.87,219.40,284.00
114.79,69.38,222.20,287.93
117.83,69.29,221.80,287.07
125.81,69.20,221.40,286.20
126.16,69.11,221.00,285.33
126.50,69.02,220.60,284.47
125.84,67.73,222.20,286.00
125.24,66.46,223.70,287.50
123.16,63.19,228.13,293.00
124.12,69.48,226.50,290.00
128.92,73.24,228.07,291.60
135.26,74.45,225.47,288.10
141.70,74.26,225.20,287.40
148.31,76.76,220.57,281.33
146.39,84.19,224.67,286.00
145.90,83.09,225.90,287.10
147.71,84.83,222.53,282.53
146.59,93.19,225.03,285.30
146.93,93.07,224.60,284.40
145.61,90.46,227.50,288.50
147.62,83.84,223.73,282.60
147.97,82.31,223.30,281.70
148.48,82.41,222.53,280.40
148.74,82.20,222.27,279.70
149.00,82.00,222.00,279.00
148.90,82.22,222.03,279.69
148.81,82.44,222.07,280.38
148.71,82.66,222.10,281.07
148.62,82.88,222.14,281.76
148.52,83.10,222.17,282.45
150.01,85.31,219.03,279.17
148.33,75.74,222.24,283.83
146.79,81.67,225.17,288.86
144.91,84.06,222.31,285.21
137.71,84.28,222.34,285.90
136.37,82.64,224.86,290.31
134.38,86.18,220.07,284.34
132.75,84.93,222.45,287.97
132.29,85.15,222.48,288.66
130.21,89.68,215.93,280.72
131.30,81.22,213.55,278.48
130.03,79.69,215.93,282.66
129.85,79.81,216.10,283.52
131.43,82.84,212.76,278.59
123.88,82.50,213.72,280.38
122.20,80.85,216.21,284.79
131.64,73.95,211.93,279.31
130.62,72.62,213.79,283.07
130.87,73.28,213.14,282.86
128.97,70.84,216.76,288.86
128.73,70.88,217.07,289.90
130.35,73.71,213.66,285.34
130.17,73.86,213.83,286.17
130.00,74.00,214.00,287.00
129.77,74.00,213.67,287.37
129.54,73.99,213.33,287.73
129.11,64.51,213.40,288.70
130.28,65.58,210.27,284.87
128.52,63.28,213.00,289.83
120.06,63.18,212.80,290.40
120.10,63.07,212.60,290.97
120.15,62.97,212.40,291.53
117.13,55.73,212.20,292.10
114.17,51.96,217.33,300.67
115.28,50.49,214.33,297.03
114.35,49.88,215.40,298.60
116.82,57.84,209.67,291.77
117.65,59.77,207.20,288.93
124.40,62.74,203.00,284.00
123.24,61.19,205.20,288.13
123.08,61.13,205.40,289.27
120.92,58.07,209.60,296.40
119.49,49.61,212.33,301.33
117.60,46.78,216.00,307.33
117.29,43.16,216.50,308.90
116.45,42.21,218.07,311.80
116.20,42.01,218.43,313.20
117.96,44.61,214.80,309.00
121.47,49.95,207.67,299.33
121.11,59.83,208.27,300.93
117.68,54.80,215.00,312.00
123.05,53.34,204.13,296.53
123.03,63.21,204.07,297.27
123.00,63.00,204.00,298.00
123.09,62.78,203.73,297.37
123.06,62.40,203.73,297.07
123.08,63.10,203.60,296.60
122.84,62.73,204.00,296.93
123.14,63.16,203.33,295.67
121.57,68.95,206.40,300.00
121.66,60.93,206.13,299.33
121.76,61.06,205.87,298.67
121.85,61.19,205.60,298.00
121.28,60.32,206.67,299.33
121.31,60.36,206.53,298.87
121.33,60.39,206.40,298.40
120.49,59.12,208.00,300.53
120.46,59.05,208.00,300.27
121.42,60.48,206.00,297.00
121.44,60.52,205.87,296.53
123.47,63.55,201.73,290.07
123.90,63.88,200.80,289.00
121.53,54.36,205.47,295.13
122.89,56.07,202.67,290.67
123.24,48.61,208.00,298.40
124.33,50.76,205.07,293.73
134.78,55.02,198.80,284.83
136.93,58.24,194.40,278.00
137.09,58.47,194.00,277.17
137.51,68.88,193.07,275.53
135.80,66.30,196.40,280.30
120.35,58.88,207.47,295.73
122.04,70.98,204.00,290.27
122.00,71.00,204.00,290.00
121.35,71.34,204.79,290.41
120.71,81.74,205.59,290.83
121.60,84.47,203.31,286.48
116.73,78.62,212.55,299.31
117.77,78.77,213.69,300.14
119.43,73.96,210.62,294.97
114.30,68.87,215.97,301.79
110.59,64.65,222.90,311.31
112.07,60.93,219.45,305.72
109.24,58.61,224.62,312.14
111.05,58.92,220.52,305.10
112.44,55.03,217.24,299.93
112.75,62.53,216.14,297.45
114.05,65.34,213.03,292.69
112.38,69.43,215.90,296.21
112.84,71.67,214.48,293.31
106.17,67.78,215.14,293.52
104.00,66.34,218.28,297.45
103.69,74.56,217.69,295.79
96.43,74.08,224.83,304.69
97.24,72.44,228.28,309.03
96.63,73.40,228.28,308.21
95.89,65.67,228.55,307.79
95.62,65.03,227.86,305.93
94.87,56.62,228.14,305.52
96.02,59.15,224.62,300.76
94.03,57.98,225.97,302.00
93.52,58.49,226.48,302.00
93.00,59.00,227.00,302.00
