510.00,191.00,481.00,312.00
509.93,191.19,481.60,311.80
526.62,165.49,498.60,322.93
534.57,169.44,482.80,311.40
521.09,142.65,509.87,328.47
517.41,140.69,517.33,332.67
528.84,148.77,494.60,316.80
552.26,151.31,487.53,312.00
528.09,149.25,495.80,316.40
531.36,151.60,489.40,312.00
507.50,149.74,497.00,316.00
512.26,152.98,487.60,309.80
516.97,154.42,484.20,307.20
514.56,153.47,488.80,309.40
514.15,153.71,489.40,309.20
501.56,177.89,475.50,300.00
477.32,173.76,504.80,318.07
482.48,188.54,495.53,311.20
488.41,198.78,500.20,313.20
490.05,199.74,496.70,311.37
472.16,201.29,492.67,308.33
469.09,221.01,489.60,305.40
451.52,219.30,496.87,309.20
470.29,221.99,489.47,304.20
466.76,202.02,505.40,313.20
460.47,194.67,517.50,320.17
455.74,192.51,526.47,324.93
440.33,183.84,556.80,342.70
443.99,188.26,549.00,337.07
458.03,217.43,519.07,318.67
438.00,218.00,519.00,318.00
437.82,218.61,519.27,317.27
427.52,212.94,539.80,329.07
436.97,217.44,520.80,316.40
436.63,217.26,521.40,315.87
435.37,220.03,523.83,316.33
408.59,214.63,543.80,327.60
400.75,222.80,560.80,336.07
412.44,226.64,538.73,322.00
411.86,225.73,541.20,322.50
414.61,226.83,537.00,319.00
413.87,233.81,539.80,319.70
415.32,234.74,538.20,318.00
419.75,228.03,530.67,312.87
419.57,227.35,532.33,312.93
419.64,216.41,533.50,313.00
410.75,211.55,552.60,322.80
426.65,204.59,535.43,312.33
424.31,194.60,540.40,314.40
424.14,194.87,541.03,313.87
391.78,188.82,564.33,326.00
395.23,191.22,557.70,321.20
398.71,177.86,551.00,316.67
417.48,173.92,546.13,313.37
398.15,172.59,553.00,316.00
396.87,172.17,555.83,316.83
398.67,165.89,546.93,311.07
395.48,163.87,555.00,314.40
395.65,163.58,556.33,314.27
396.51,163.29,557.67,314.13
396.00,163.00,559.00,314.00
396.02,163.41,559.83,313.70
390.90,180.94,570.93,319.00
378.96,173.99,595.70,332.00
395.28,185.69,563.93,313.60
391.51,201.81,572.33,317.50
382.51,196.44,591.20,327.40
367.75,205.08,578.87,319.30
371.58,207.63,572.07,314.80
365.54,204.88,585.00,320.90
388.74,206.12,582.67,319.00
384.77,204.25,591.53,323.33
384.79,204.71,592.40,323.00
388.22,207.16,586.47,318.70
384.84,205.64,594.13,322.33
384.86,206.10,595.00,322.00
412.54,209.80,583.87,315.20
409.18,217.79,591.53,318.30
401.67,233.58,581.20,312.20
386.69,239.47,590.87,316.87
350.12,227.67,636.33,339.67
357.71,243.62,621.00,330.90
378.14,246.41,612.80,325.67
368.65,250.56,599.13,317.70
368.48,253.17,590.80,312.80
367.69,252.91,593.67,313.67
327.30,244.28,638.07,335.60
343.00,267.64,606.50,318.60
341.22,268.09,607.00,318.07
341.79,268.65,607.13,317.33
342.00,269.00,608.00,317.00
342.49,268.77,608.60,316.60
358.50,265.94,619.53,321.40
369.27,239.45,643.10,332.90
390.27,246.36,607.07,313.80
374.75,219.12,639.67,329.83
368.92,227.68,609.00,313.40
362.98,227.61,612.20,314.20
383.11,221.44,616.00,315.40
378.46,219.04,625.40,319.40
376.04,203.06,630.33,321.00
363.93,204.60,626.60,318.60
362.67,208.73,612.80,311.00
368.30,197.68,621.00,314.40
374.17,182.56,634.47,320.20
388.25,184.49,629.00,317.00
382.43,187.82,618.40,311.00
356.02,193.50,627.17,314.40
341.48,190.79,638.60,319.40
345.85,206.88,631.40,315.40
351.30,206.62,636.67,317.00
352.43,208.06,634.50,315.20
353.15,215.02,633.13,313.80
342.71,212.55,643.77,318.40
342.97,212.47,644.80,318.20
343.24,212.39,645.83,318.00
335.19,206.68,669.40,329.07
366.70,210.02,647.90,317.60
346.32,210.88,648.13,317.00
344.93,212.17,649.57,317.00
345.00,212.00,651.00,317.00
345.06,212.57,652.83,316.97
343.56,213.13,654.67,316.93
359.94,241.52,622.30,300.70
347.76,235.86,647.07,311.67
315.81,230.10,673.33,322.83
310.64,227.13,685.60,328.40
310.88,227.08,687.03,328.13
315.89,229.60,678.93,322.73
315.92,229.44,680.80,322.70
315.94,237.14,682.67,322.67
322.65,240.76,671.17,316.63
343.48,258.27,658.00,309.40
359.21,260.96,647.23,303.77
348.76,255.84,670.13,313.73
349.07,255.82,671.50,313.50
345.66,254.21,680.33,316.47
359.49,255.79,674.23,313.03
371.06,241.85,697.60,322.40
392.14,230.55,685.83,316.37
373.83,232.41,678.33,312.33
360.57,226.73,674.50,309.70
372.61,225.44,684.53,313.47
382.51,196.68,715.40,326.20
411.55,180.77,706.20,321.00
387.86,180.48,708.50,321.17
387.56,180.18,710.80,321.33
393.56,182.59,700.50,316.10
370.19,182.39,702.33,316.07
370.09,182.20,704.17,316.03
370.00,182.00,706.00,316.00
370.57,182.02,706.83,315.90
369.05,181.83,708.67,316.20
352.81,181.75,710.00,316.30
361.86,205.51,693.47,308.80
357.40,208.24,696.17,309.50
332.70,205.86,708.20,314.20
327.93,203.68,719.30,318.50
320.63,203.10,722.93,319.60
306.74,204.42,718.00,316.90
299.68,201.34,733.67,323.00
302.52,202.36,729.53,320.90
305.87,217.74,724.40,318.40
320.70,221.77,702.83,308.70
314.10,229.18,717.20,314.20
310.28,227.49,726.00,317.50
302.93,224.41,741.87,323.60
299.58,222.81,749.73,326.73
308.73,235.99,732.60,319.40
307.38,249.85,736.47,320.10
302.53,247.86,747.33,324.00
302.43,247.77,748.70,324.10
277.25,244.19,765.07,331.20
306.21,254.65,743.43,321.33
306.61,249.22,743.80,321.00
305.84,248.85,746.50,321.67
306.47,249.08,746.40,321.13
307.10,249.31,746.30,320.60
307.74,249.54,746.20,320.07
308.37,249.77,746.10,319.53
309.00,250.00,746.00,319.00
308.73,249.93,747.53,319.13
308.46,249.86,749.07,319.27
308.99,250.09,749.00,318.80
288.22,250.13,750.00,318.73
324.99,233.77,717.83,304.67
319.22,229.18,740.00,313.80
326.91,227.70,727.27,307.70
319.11,220.50,732.73,309.67
326.04,206.88,719.90,303.40
323.50,202.55,742.00,312.33
319.14,200.53,753.37,316.67
309.85,200.50,755.40,317.00
309.36,200.47,757.43,317.33
312.60,201.85,752.00,314.87
316.12,203.67,746.00,311.50
312.14,202.00,755.00,315.13
304.13,199.07,772.07,321.27
294.29,199.14,773.60,321.40
282.42,200.32,769.63,319.33
289.76,203.62,756.00,313.00
284.78,205.06,767.00,317.60
254.97,220.21,779.73,321.93
254.72,226.27,781.27,322.07
229.01,225.35,785.80,323.40
223.60,238.10,797.67,327.33
216.15,235.24,813.60,333.73
222.57,238.44,801.80,328.00
252.39,219.25,787.93,322.33
252.45,217.73,790.47,322.87
253.00,218.00,792.00,323.00
253.20,218.16,793.47,322.93
261.40,221.33,778.93,316.87
250.35,234.32,798.10,323.50
229.83,237.43,797.87,322.73
221.95,234.71,815.50,328.83
239.68,232.25,829.80,334.40
242.11,233.53,826.80,332.50
234.19,253.94,831.73,333.87
225.22,257.50,816.40,326.60
228.35,258.57,812.00,324.33
220.29,258.73,812.40,323.87
229.81,258.90,812.80,323.40
221.23,283.43,811.07,322.13
216.66,281.76,820.47,325.33
220.03,283.35,814.00,322.00
219.97,283.52,814.40,321.53
227.90,286.68,798.80,315.07
237.41,261.08,808.80,318.20
245.08,263.85,795.33,312.53
276.30,240.25,794.67,311.67
270.36,235.21,822.80,321.60
267.10,212.61,816.80,318.73
257.46,215.78,801.20,312.27
246.20,189.58,814.40,316.60
242.66,186.64,831.33,322.33
265.23,187.51,828.00,320.47
278.77,168.51,802.80,310.40
249.13,165.67,819.20,315.93
248.53,165.94,819.07,315.27
249.00,166.00,820.00,315.00
249.74,165.53,820.27,314.97
251.02,165.26,819.47,314.53
273.18,151.42,776.90,298.10
265.84,148.55,793.33,304.47
247.31,143.18,824.17,315.83
227.80,148.20,825.00,316.00
228.26,148.23,825.83,316.17
226.45,147.46,831.20,317.93
232.23,149.49,821.40,314.10
234.97,154.32,817.67,312.67
209.25,153.25,822.93,314.63
209.99,153.18,823.20,314.60
195.83,151.41,832.53,317.97
191.51,149.57,841.33,321.47
192.00,149.72,840.50,321.00
180.75,149.90,840.80,320.47
184.94,154.53,834.17,317.83
171.34,138.99,815.20,310.80
167.29,136.92,825.07,314.37
170.70,129.67,820.00,312.33
149.61,128.30,830.40,316.10
134.93,125.79,847.13,322.13
135.95,112.66,846.87,321.87
130.16,110.31,860.20,326.40
129.21,107.93,871.83,331.00
141.55,104.61,888.87,337.47
150.31,107.66,873.10,331.20
166.08,113.34,843.33,319.67
166.54,113.17,844.17,319.83
167.00,113.00,845.00,320.00
167.69,113.03,846.53,320.13
206.81,116.06,831.07,314.27
229.05,116.10,832.60,314.40
252.88,116.13,834.13,314.53
254.19,116.66,832.83,313.67
254.36,116.79,833.80,313.60
278.48,111.33,834.77,313.53
294.71,86.12,873.13,327.40
330.94,69.27,836.70,313.40
325.08,67.40,849.33,317.33
348.83,72.83,820.30,306.67
345.33,71.46,829.80,309.60
357.80,65.71,862.10,321.30
346.77,61.59,886.27,329.73
348.21,62.06,885.50,329.00
353.27,64.19,877.47,324.93
366.03,68.62,854.07,316.27
342.37,68.66,855.60,316.40
326.03,69.79,851.27,314.33
325.65,69.72,853.33,314.67
315.68,68.75,860.20,316.80
340.94,77.59,812.60,299.33
307.07,95.77,846.50,311.07
292.08,92.21,868.20,318.40
271.68,91.84,872.00,319.33
273.27,92.47,870.13,318.27
274.29,92.90,869.40,317.60
272.58,92.94,870.93,317.73
250.38,93.07,871.93,317.67
250.00,93.00,874.00,318.00
249.96,92.73,875.17,318.03
219.64,113.62,892.20,323.67
202.08,107.61,925.20,335.20
191.31,112.42,898.33,325.07
180.95,115.63,879.83,318.17
169.91,117.75,894.60,323.00
163.06,134.08,909.00,328.20
170.01,136.60,895.80,322.67
159.24,138.53,884.50,318.30
159.80,138.27,885.67,318.33
157.06,136.90,893.43,320.57
146.82,125.44,916.20,328.60
156.66,118.59,898.80,321.83
153.31,116.62,907.80,324.47
153.85,127.94,909.00,324.50
154.40,128.07,910.20,324.53
160.04,129.91,901.20,321.17
160.89,139.72,901.80,321.00
164.85,140.26,896.17,318.63
159.41,137.59,909.33,322.67
155.57,135.28,919.30,326.00
170.85,131.28,903.80,319.93
165.78,129.71,914.63,323.37
191.62,112.96,902.00,318.80
193.60,108.80,900.33,317.83
209.04,114.04,871.73,307.67
187.49,113.97,874.00,308.10
171.50,86.33,906.67,318.93
194.44,85.07,907.83,318.97
195.00,85.00,909.00,319.00
194.98,84.57,910.40,319.37
203.36,86.94,895.00,314.13
203.04,86.41,897.00,314.70
194.92,83.28,914.60,320.47
169.34,82.26,919.17,322.00
169.00,81.72,921.20,322.60
146.91,81.99,918.80,321.57
140.29,85.74,933.40,326.33
127.27,98.09,960.80,336.30
123.37,99.16,954.00,333.67
122.86,104.23,924.40,323.03
126.64,114.58,918.20,321.00
92.51,124.94,939.93,328.53
83.92,121.56,958.47,334.80
84.84,121.46,958.00,334.50
117.72,124.16,941.53,328.60
117.38,123.62,943.57,329.20
119.15,123.97,941.40,328.00
113.57,126.64,923.57,322.17
126.03,125.31,930.33,324.33
153.29,125.98,925.10,322.50
160.18,127.85,912.67,318.27
135.52,125.32,926.63,322.83
122.62,122.58,942.60,327.80
122.60,122.15,944.00,328.17
122.58,121.72,945.40,328.53
122.56,121.29,946.80,328.90
122.54,120.86,948.20,329.27
131.70,123.33,931.23,323.83
132.00,123.00,932.00,324.00
132.76,123.34,932.97,323.80
133.53,123.67,933.93,323.60
142.39,126.71,918.70,318.00
150.65,150.74,904.67,311.93
178.28,152.56,891.83,307.17
184.04,152.38,890.80,306.40
202.59,151.70,892.93,306.63
208.21,148.83,882.60,302.47
192.20,143.15,915.50,313.10
199.05,126.52,918.67,313.67
199.72,118.22,919.83,313.57
184.89,115.64,932.80,318.00
175.10,116.58,926.13,315.40
165.07,116.78,926.33,314.27
157.21,117.80,919.00,311.50
149.11,118.82,912.13,308.73
148.49,118.34,914.27,308.97
144.28,116.66,923.60,311.60
134.64,113.10,943.77,318.00
134.30,112.73,945.33,318.00
140.62,114.47,933.60,313.80
140.60,114.20,934.53,313.60
140.58,113.94,935.47,313.40
142.36,114.38,932.80,311.80
134.13,111.50,950.17,316.83
132.29,131.31,954.73,318.00
145.31,139.24,924.80,307.80
126.14,139.81,920.93,305.93
107.34,156.57,959.43,318.00
107.00,157.00,961.00,318.00
106.80,157.57,962.30,317.87
87.73,174.24,1001.33,330.27
87.84,174.13,1002.00,329.90
106.19,180.05,966.20,317.47
105.98,179.82,967.50,317.33
86.62,179.59,968.80,317.20
88.91,181.66,955.53,312.47
85.72,180.53,962.80,314.13
97.17,180.41,940.80,306.60
93.35,186.66,949.33,308.67
60.21,185.03,961.00,312.13
21.40,204.26,992.00,321.80
29.10,207.13,977.90,316.27
53.05,207.30,979.20,316.13
53.04,207.47,980.50,316.00
34.94,206.04,992.47,319.07
36.02,215.10,969.23,311.53
31.29,227.74,980.00,314.40
21.93,225.33,1000.00,320.23
46.54,226.11,1000.00,319.67
37.18,231.09,1020.00,325.10
72.18,234.41,999.20,317.87
71.52,233.98,1001.80,318.13
70.87,233.55,1004.40,318.40
85.30,237.62,976.83,309.67
71.18,240.48,958.47,303.33
37.76,227.31,1026.60,324.30
52.37,210.26,998.67,314.67
52.69,210.13,999.33,314.33
53.00,210.00,1000.00,314.00
53.20,209.60,1000.33,314.03
41.04,212.21,980.67,308.07
60.09,217.56,944.90,296.60
76.37,201.52,914.67,286.40
33.29,189.14,995.17,312.00
 6.97,187.36,1010.20,316.40
18.84,190.96,988.80,310.03
23.33,192.46,982.13,307.87
25.61,193.27,979.90,307.10
34.55,196.07,964.33,302.33
36.50,196.77,962.77,301.77
30.84,195.27,976.40,305.60
18.04,191.27,1004.33,314.43
14.37,190.27,1014.00,317.27
 4.78,199.55,1035.50,323.50
35.46,208.05,976.47,305.73
 2.77,215.13,1017.00,317.97
-5.36,217.63,1034.00,323.40
23.53,226.63,976.93,305.43
34.03,229.87,956.67,299.00
50.11,253.66,958.80,299.40
40.14,248.48,981.07,306.60
35.66,246.92,992.33,310.17
 9.82,244.82,1008.00,314.80
 8.35,244.52,1011.67,315.83
17.55,247.43,994.00,310.47
 6.01,268.74,1013.00,316.20
 8.34,269.40,1010.67,315.33
 0.00,266.80,1029.67,320.97
 1.00,267.00,1030.00,321.00
 2.05,267.11,1029.53,320.63
 1.51,268.03,1029.07,320.27
-38.69,262.69,1066.40,331.60
-27.84,263.26,1046.33,324.73
-17.69,265.58,1027.67,319.17
-8.64,267.69,1011.20,314.00
-7.92,267.31,1011.40,313.83
-22.81,262.19,1042.80,323.13
-6.01,268.78,1044.40,323.40
-2.31,267.98,1053.00,325.67
 9.09,263.94,1079.80,334.40
16.80,266.68,1066.00,329.60
11.92,265.21,1077.40,333.20
18.24,267.24,1066.40,329.80
20.01,256.24,1064.50,328.50
63.64,249.40,1033.20,318.87
70.40,234.92,1042.50,321.33
85.07,229.53,1013.60,312.00
80.15,228.37,1023.87,315.00
84.47,230.03,1015.67,312.33
99.89,213.26,1018.80,313.00
102.17,228.62,1029.07,316.47
99.62,228.22,1034.60,317.93
102.94,231.41,1018.80,312.20
102.44,231.43,1021.83,312.83
74.62,229.01,1038.00,318.33
64.59,226.46,1058.50,324.10
63.47,226.97,1058.00,323.73
64.38,227.37,1058.20,323.60
66.00,228.00,1057.00,323.00
67.43,227.94,1056.67,323.40
68.16,227.64,1057.73,324.27
59.78,246.33,1077.00,330.30
32.61,236.35,1133.87,348.93
55.10,235.82,1131.33,348.67
58.93,235.99,1124.60,347.00
58.56,216.40,1126.27,348.13
68.35,219.24,1107.60,342.73
83.72,240.71,1077.80,333.60
87.27,253.33,1039.67,323.00
78.90,250.65,1058.93,328.63
54.05,269.16,1092.00,339.80
56.05,273.58,1061.77,331.23
41.49,268.53,1093.40,341.60
 7.24,264.71,1116.50,349.50
-9.22,274.18,1126.40,353.20
-17.34,273.88,1122.80,352.47
-32.45,265.86,1107.60,348.00
-18.67,269.75,1082.57,340.50
-28.11,271.30,1072.00,337.67
-26.39,271.57,1069.50,337.40
-38.77,269.27,1082.40,342.27
-44.66,266.74,1096.70,347.60
-70.82,263.98,1113.20,353.40
-70.17,263.90,1112.83,353.83
-47.30,264.29,1109.53,353.33
-46.22,264.09,1109.90,354.00
-3.23,273.46,1052.00,335.53
-1.11,273.73,1049.50,335.27
 1.00,274.00,1047.00,335.00
 4.63,274.19,1044.21,334.69
59.16,259.47,984.24,316.28
42.79,253.75,1019.79,327.79
34.52,232.87,997.86,321.72
29.50,230.45,1012.38,326.62
33.10,230.62,1009.66,326.34
28.73,228.14,1022.86,331.38
26.08,228.43,1019.41,330.86
12.50,231.14,1001.48,325.52
12.00,230.28,1005.31,327.31
-11.61,226.55,1025.62,334.83
-21.29,225.46,1029.62,337.07
-6.16,219.15,1002.17,328.28
 7.91,233.65,976.86,320.83
-6.47,232.06,985.31,324.07
-13.27,228.75,1003.38,330.76
-26.40,223.44,1034.10,341.45
-15.35,232.81,1016.48,336.41
-8.06,249.29,1006.38,333.69
-24.55,248.48,1010.76,335.79
-31.85,245.37,1028.17,342.48
-31.65,244.93,1030.59,343.86
-28.41,245.44,1026.93,343.31
-35.35,242.87,1043.62,348.93
-32.08,246.71,1039.90,348.34
-28.81,246.42,1036.17,347.76
10.77,258.23,959.83,322.97
-2.96,275.24,990.10,334.03
 1.00,276.00,985.00,333.00
