348.00,163.00,38.00,44.00
348.16,165.05,37.83,43.97
354.97,171.65,37.60,43.87
354.50,173.10,39.10,45.50
350.96,170.11,37.07,43.60
350.86,171.64,37.50,44.17
347.50,172.35,36.60,43.40
345.66,174.18,36.60,43.77
347.89,174.37,36.40,43.47
347.28,174.14,37.90,45.10
342.62,173.66,37.67,45.00
343.04,173.74,37.07,44.90
342.35,173.83,37.20,44.80
342.53,175.53,36.97,44.70
349.35,180.04,35.67,43.53
346.20,180.49,36.00,44.50
340.68,178.32,36.27,44.93
342.35,177.63,37.17,46.43
335.76,175.55,37.60,46.60
335.90,175.59,37.47,46.63
341.81,177.40,37.33,47.33
341.50,174.28,38.20,48.70
346.75,176.09,38.80,49.47
354.24,178.55,37.17,48.00
350.19,174.89,40.40,52.20
349.50,171.26,42.00,54.00
357.38,175.74,42.00,54.20
357.46,173.07,42.10,55.40
360.51,175.64,42.20,54.80
364.07,171.21,40.20,53.03
362.00,169.00,40.00,53.00
354.84,164.27,40.27,53.20
355.10,160.17,39.53,52.40
352.07,159.38,40.70,53.50
352.20,159.60,40.20,52.93
348.66,152.60,41.33,54.17
342.27,155.10,40.00,52.80
340.90,158.44,41.33,54.33
348.47,160.79,41.20,54.20
345.73,161.03,41.30,53.60
343.43,164.96,42.67,55.67
351.80,166.52,45.13,58.13
347.83,162.69,47.60,60.60
342.77,160.05,49.37,63.23
343.02,162.01,51.33,64.80
345.27,162.82,52.50,66.50
339.22,158.83,54.07,68.53
339.51,155.01,56.93,72.37
340.30,161.18,57.40,72.80
334.59,157.28,58.60,73.97
334.07,156.71,59.33,75.00
336.74,159.09,60.80,76.80
332.04,157.83,63.00,79.27
326.85,152.60,65.50,82.50
328.79,157.90,68.80,86.80
327.04,156.21,72.00,90.17
322.01,154.99,73.60,92.60
319.69,148.25,77.90,97.00
313.60,143.47,78.80,97.87
318.46,144.29,77.50,96.57
318.00,144.00,78.00,97.00
309.38,143.88,78.00,97.40
316.10,149.47,75.27,94.20
320.03,152.54,76.30,96.60
311.95,154.54,80.53,101.53
319.89,156.78,83.83,106.33
317.09,149.22,89.60,113.40
317.20,153.00,89.53,113.80
333.81,169.27,89.47,114.20
338.74,173.86,90.00,115.20
327.53,172.14,91.00,118.67
349.84,186.13,91.00,119.13
348.75,184.60,93.40,122.00
335.37,178.24,97.80,128.00
340.85,169.88,98.20,128.73
329.61,161.05,98.00,129.00
322.68,156.21,100.60,133.00
329.23,156.58,99.33,132.13
317.15,150.13,99.00,132.20
316.69,149.17,100.13,134.10
305.79,138.15,99.00,133.00
286.70,130.86,100.60,136.00
292.89,136.76,100.20,136.00
287.34,130.91,99.80,136.00
269.71,119.62,97.40,133.00
270.71,120.61,95.67,131.00
266.78,122.87,92.53,126.47
260.47,131.23,94.60,130.60
255.46,137.18,93.80,130.07
249.47,130.42,95.40,133.00
244.00,136.00,95.00,133.00
238.38,142.00,94.87,132.73
239.95,144.30,91.00,127.80
239.77,138.91,91.00,127.70
232.21,131.88,94.47,131.93
238.15,132.07,93.33,130.17
237.13,130.88,95.00,132.60
229.79,124.74,95.60,133.43
236.87,119.27,95.40,133.07
231.64,116.12,94.40,131.50
226.61,115.77,92.33,129.00
223.99,112.72,97.20,135.20
226.91,111.32,95.80,133.00
212.33,103.47,94.73,131.30
212.35,107.13,92.87,129.40
225.11,123.26,92.00,128.00
207.05,117.39,91.93,127.33
196.79,115.99,93.87,130.17
195.98,120.76,95.00,131.80
180.38,113.95,97.00,134.10
174.95,100.85,94.33,130.67
163.46,92.82,92.80,128.30
154.99,94.51,98.47,136.00
155.82,106.70,96.53,133.00
155.05,114.20,97.80,134.80
141.90,112.60,100.00,138.00
135.61,111.54,100.47,138.60
126.66,113.96,106.20,146.10
109.97,120.81,108.20,149.07
95.88,121.96,106.60,146.53
83.00,122.00,107.00,147.00
57.70,128.00,105.73,147.27
56.01,130.22,110.87,155.73
48.90,120.55,112.90,161.00
33.38,118.42,113.33,164.93
30.06,127.27,110.00,161.33
25.09,128.73,106.60,158.20
19.27,127.18,106.80,161.07
21.76,126.74,103.73,158.73
22.37,115.57,101.10,157.50
26.23,117.64,99.67,157.67
27.51,119.04,99.13,158.63
29.89,117.72,96.40,156.80
31.86,111.31,94.50,155.57
36.96,110.42,93.47,156.93
37.74,112.23,93.50,158.50
31.61,109.40,91.87,158.27
33.28,102.40,90.23,158.03
35.55,96.30,87.40,156.00
24.45,89.61,86.13,157.27
32.04,95.39,84.67,157.33
39.91,102.14,82.50,155.30
29.84,96.12,81.00,155.27
30.64,94.10,81.20,158.93
38.22,99.85,79.60,158.80
28.14,95.93,77.50,156.83
19.39,90.38,76.13,158.13
26.32,90.37,74.10,156.10
17.11,89.21,73.20,158.27
11.93,89.30,71.47,157.93
 1.00,78.00,70.00,158.00
-11.74,72.55,71.77,158.13
-18.53,74.00,72.80,155.67
-20.65,72.69,75.60,158.70
-22.85,74.09,76.60,156.33
-29.34,74.13,78.50,156.67
-25.22,74.17,80.40,157.00
-22.99,65.59,83.07,159.63
-28.94,65.61,84.93,159.87
-20.04,72.71,86.80,160.10
-20.60,71.08,86.33,156.33
-20.34,65.31,88.07,156.47
-18.00,66.43,88.60,154.80
-14.05,65.94,91.27,156.33
-15.26,60.58,92.20,155.27
-8.53,52.88,95.00,157.00
-3.92,50.37,96.73,157.13
 2.54,52.95,94.77,152.57
 6.23,52.33,98.20,154.40
 3.00,45.76,103.20,159.43
 0.72,43.42,106.33,160.67
 0.76,52.26,104.80,156.90
 0.34,52.05,107.13,157.93
 4.65,52.75,109.93,159.67
 2.66,51.32,112.20,160.60
 7.83,53.92,112.00,157.83
 6.44,57.19,118.40,163.67
 5.62,59.43,117.40,161.00
 4.94,60.75,117.53,158.73
 3.70,67.81,119.27,158.87
 2.00,61.00,121.00,159.00
 1.93,53.91,120.97,159.07
 9.00,47.48,120.60,158.73
 5.52,42.09,127.40,168.50
 7.47,44.04,125.20,164.47
13.95,44.29,124.67,163.83
12.98,42.44,126.40,167.40
 7.98,45.33,125.07,164.77
13.15,44.45,125.87,166.87
 8.31,43.10,125.00,165.70
14.05,46.01,123.67,164.33
 8.25,48.08,121.17,160.53
10.45,51.31,116.60,154.40
 2.02,47.05,119.53,158.97
 1.45,46.56,120.53,159.93
10.08,52.28,117.00,155.50
 4.60,50.35,114.53,152.67
 3.99,49.82,115.60,153.73
 3.02,41.65,117.40,156.60
 5.72,39.84,120.37,160.27
 7.89,42.33,116.33,155.33
 3.11,35.13,116.80,156.20
 2.04,34.13,118.80,158.27
 2.02,41.08,118.70,158.23
 1.21,39.93,120.20,160.60
 7.31,45.66,121.83,163.17
 7.01,46.71,120.40,161.13
 0.04,45.40,122.10,163.80
 7.55,53.90,120.20,161.07
 8.01,53.95,120.10,161.03
 1.00,47.00,120.00,161.00
 1.84,46.87,119.30,161.10
 2.62,46.60,118.73,161.47
-2.43,40.92,116.10,158.60
-3.35,39.39,117.20,161.40
-7.15,41.96,112.00,156.00
-11.89,35.02,113.80,158.60
-9.40,35.53,109.73,154.80
-10.80,27.43,113.47,160.67
-8.31,29.48,109.40,156.80
-8.32,32.80,110.33,159.33
-8.84,38.18,112.30,162.10
 0.51,40.41,107.80,157.40
 2.61,45.21,110.03,161.00
 7.39,54.75,109.27,161.00
 7.21,61.41,110.50,164.50
 8.42,69.67,108.93,163.33
 2.47,70.06,108.10,162.70
 2.86,79.34,108.20,163.80
 9.85,89.06,108.53,165.47
 3.54,95.44,108.33,166.33
 5.15,103.91,106.00,164.00
 6.76,109.56,103.67,161.80
 9.20,118.34,99.67,157.30
 3.63,124.71,99.00,157.40
 3.17,116.58,100.83,161.00
 4.34,117.06,99.40,160.20
 5.10,117.03,98.80,160.40
-1.58,107.73,100.07,163.40
 0.13,109.01,97.70,160.90
 1.00,109.00,97.00,161.00
 0.75,102.41,97.13,161.03
 0.49,102.20,97.27,161.07
 0.89,101.99,97.40,161.10
-0.15,93.80,97.80,161.53
 5.98,93.59,98.00,161.67
18.90,101.41,98.20,161.80
12.25,94.77,98.40,161.93
12.77,95.66,97.13,159.87
18.88,95.25,97.60,160.40
19.41,89.83,96.33,158.33
19.51,96.30,95.93,157.57
26.51,97.55,94.20,154.80
19.47,91.06,95.60,156.73
18.74,92.97,96.87,158.47
20.85,94.74,99.00,161.50
16.43,86.37,101.00,164.80
16.34,86.27,101.00,164.60
23.79,87.88,99.00,161.00
19.65,81.33,99.00,160.83
16.13,79.55,101.00,164.00
16.05,86.04,101.00,163.80
15.97,85.50,101.00,163.60
16.12,85.93,100.53,162.47
21.91,84.92,101.80,164.20
15.31,86.01,101.67,163.83
15.69,92.22,100.73,162.27
 8.35,91.54,102.20,164.30
 8.12,97.35,102.47,164.53
 1.25,97.18,102.73,164.77
 1.00,97.00,103.00,165.00
 0.40,97.23,103.40,164.97
-0.30,90.64,104.00,165.20
 1.56,93.14,100.90,159.90
 5.12,97.19,105.00,165.40
 4.32,96.98,105.83,166.00
10.23,96.68,106.80,166.80
17.52,93.46,104.97,163.40
17.37,92.48,104.60,162.20
23.58,93.93,106.10,163.80
22.71,91.29,107.33,165.00
22.15,84.42,107.97,165.30
27.87,83.43,109.80,167.40
27.79,73.35,109.50,166.30
35.06,70.25,110.00,166.40
48.29,73.77,110.50,166.50
44.95,75.38,109.13,163.80
43.58,74.64,110.90,165.80
47.11,74.70,111.60,166.20
46.52,67.83,112.30,166.60
56.49,77.54,112.33,165.67
73.17,60.66,108.80,160.40
72.70,27.63,109.27,160.47
72.24,27.73,109.73,160.53
65.53,26.63,111.80,163.00
93.98,33.54,112.33,163.17
90.17,15.04,119.20,172.40
96.89,32.07,119.90,172.80
127.20,61.20,120.73,173.40
103.49,55.26,119.37,170.70
103.00,86.00,120.00,171.00
133.82,129.50,120.13,170.63
109.13,112.17,121.80,172.67
119.56,114.39,118.40,166.90
133.85,99.56,118.13,166.13
118.53,91.64,118.17,165.67
116.48,77.17,119.80,167.60
117.39,82.34,120.93,168.43
108.45,82.02,124.20,172.40
120.77,99.56,116.20,161.00
128.32,87.54,116.00,159.67
114.58,55.95,116.30,159.53
120.93,47.95,117.80,161.20
116.07,68.43,121.73,166.23
107.61,78.83,122.00,166.07
130.70,75.62,122.00,165.50
116.14,64.87,120.40,163.33
109.18,77.43,118.57,160.07
119.79,83.82,119.40,160.80
99.56,72.88,120.53,161.03
106.55,80.09,120.33,160.33
112.76,74.66,117.80,157.00
102.40,55.73,114.47,151.47
111.61,52.04,120.37,158.63
113.25,52.35,120.20,157.80
106.02,44.88,118.33,155.67
105.03,42.48,122.53,160.13
103.82,31.47,124.90,163.10
88.27,32.76,123.60,160.53
95.22,25.81,123.80,160.27
88.00,10.00,124.00,160.00
78.97, 2.73,124.07,160.33
86.80,26.84,122.13,157.60
88.35,21.68,118.80,154.30
79.38,26.72,122.40,158.80
89.95,44.51,114.17,148.00
104.84,57.79,113.60,147.40
100.69,61.85,109.07,142.00
110.70,67.83,106.53,139.13
114.32,66.90,108.00,140.80
110.37,67.19,107.33,140.00
118.32,70.40,105.80,137.90
127.72,73.95,100.40,131.00
129.16,75.71,97.40,127.70
137.87,79.16,92.13,121.00
144.56,80.76,89.00,118.00
144.50,87.65,87.53,115.73
147.55,88.45,87.00,114.27
149.68,87.57,82.80,109.60
149.24,92.71,83.73,111.27
150.81,94.69,80.67,107.33
151.57,89.28,82.00,108.80
156.46,91.73,79.00,103.93
159.02,97.62,73.93,97.47
165.63,99.86,71.40,95.00
164.05,95.77,69.50,93.17
160.16,95.91,69.07,92.80
163.44,99.18,70.40,94.20
167.56,92.95,70.20,94.00
168.93,95.01,67.03,89.93
169.00,95.00,67.00,90.00
173.08,99.01,66.60,89.63
174.62,100.23,63.47,86.60
177.81,100.33,64.60,86.70
182.22,105.27,64.00,86.00
184.27,107.59,60.00,81.17
188.60,105.59,57.00,78.20
189.75,109.61,55.97,76.73
191.36,114.99,52.80,72.07
194.99,112.35,51.70,71.00
192.32,112.92,51.00,69.67
193.19,113.44,51.23,69.87
200.48,120.59,50.20,68.80
203.79,122.64,47.10,64.53
198.62,120.17,46.33,63.80
198.54,122.51,46.50,64.50
202.10,130.88,44.73,62.27
203.22,132.18,42.47,59.60
202.26,132.26,42.20,59.40
200.14,130.00,43.57,60.83
199.76,128.27,44.33,62.33
197.73,126.17,41.50,58.90
193.07,123.25,42.53,59.73
193.12,125.72,42.47,59.77
190.42,120.79,41.80,59.40
187.03,115.26,43.33,61.00
190.54,120.87,41.53,59.27
193.80,121.00,41.30,59.00
193.87,120.99,41.20,59.00
191.44,116.07,41.10,59.00
194.00,116.00,41.00,59.00
194.26,116.16,40.90,58.93
194.50,113.06,40.86,58.93
196.85,110.49,41.59,59.69
196.66,111.78,43.03,62.03
200.25,109.32,42.79,62.62
204.08,107.69,41.97,60.17
208.56,111.39,39.52,57.76
214.10,112.12,38.45,56.45
216.11,106.70,39.76,57.76
219.11,104.65,38.97,57.31
224.54,106.96,39.24,57.62
228.74,107.29,38.76,57.17
233.27,105.34,38.10,56.55
237.79,104.94,39.07,57.55
243.14,105.35,38.93,56.93
246.08,102.51,38.24,56.24
251.31,104.72,38.66,56.66
259.01,106.92,38.52,57.14
260.59,104.83,38.72,56.72
263.68,106.81,38.93,57.62
269.16,109.00,38.10,56.83
269.34,104.93,38.21,56.21
274.44,104.67,37.83,55.83
280.27,106.68,36.86,54.86
280.15,106.44,37.55,55.55
282.81,106.21,37.31,56.21
288.28,109.19,37.21,56.14
290.39,108.88,38.03,57.00
293.00,109.00,38.00,57.00
