385.00,77.00,96.00,284.00
393.05,77.09,96.43,282.17
400.56,69.18,96.87,280.33
408.09,60.83,97.80,279.40
416.27,58.44,99.73,282.53
422.05,48.00,102.33,285.50
424.21,42.05,101.20,279.60
424.97,44.40,100.20,273.27
430.80,44.36,100.80,271.73
420.95,40.46,104.20,277.90
420.71,40.59,104.67,276.00
421.03,41.46,104.03,272.63
412.75,41.66,104.40,270.60
402.36,47.43,107.20,273.70
393.48,54.65,108.53,273.93
384.46,53.28,110.00,275.00
384.22,61.76,110.40,272.87
375.75,71.37,110.80,270.73
367.29,79.89,111.20,268.60
367.06,88.39,111.60,266.47
366.17,89.78,113.33,267.67
366.61,97.19,112.40,262.20
365.65,95.62,114.27,263.73
356.01,93.90,117.03,265.60
354.25,84.66,117.20,262.60
360.86,75.27,121.00,266.50
371.20,87.57,117.67,257.13
373.11,91.26,114.40,248.20
365.52,101.40,114.93,246.47
365.29,109.85,115.40,244.57
365.00,118.00,116.00,243.00
365.10,134.33,116.60,241.73
365.21,142.51,117.20,240.47
365.31,142.54,117.80,239.20
365.41,150.74,118.40,237.93
365.68,151.11,118.67,236.00
365.32,157.80,120.20,237.80
367.07,161.88,117.50,228.43
375.92,162.90,116.60,225.20
383.90,163.40,117.40,223.00
383.68,164.91,118.67,224.33
384.72,167.39,117.43,218.73
390.08,168.34,117.00,216.20
393.32,173.53,117.83,214.03
401.51,180.95,118.33,214.07
401.61,180.91,119.00,213.00
401.38,180.98,120.33,211.73
402.25,181.92,119.47,208.70
402.82,182.00,119.20,207.40
399.56,182.94,119.03,204.37
396.52,179.43,120.33,205.00
398.05,178.32,123.00,206.60
397.68,171.95,124.20,206.87
395.76,170.13,124.80,205.63
394.46,168.44,128.40,208.40
387.26,167.41,130.17,209.83
378.53,166.98,131.60,210.07
378.81,168.00,131.50,207.40
367.93,168.08,132.33,206.60
360.13,164.14,128.27,197.90
352.00,164.00,129.00,197.00
344.13,163.89,130.70,196.40
345.94,167.39,128.00,188.60
336.18,163.48,134.50,195.60
337.59,165.04,133.73,191.67
336.14,164.80,135.67,191.33
334.70,162.96,140.00,194.20
333.36,161.25,144.13,196.80
327.76,155.68,144.80,195.13
329.12,166.60,138.70,183.90
329.00,166.82,140.33,182.67
323.23,165.65,143.43,184.23
315.21,165.07,144.80,184.60
315.36,165.03,146.37,183.90
314.71,163.92,149.53,185.33
315.66,164.69,149.50,183.00
310.21,163.83,153.20,183.93
306.56,163.72,154.90,183.37
306.63,163.61,156.60,182.80
305.74,162.55,160.20,184.13
305.75,162.39,162.00,183.67
309.26,174.40,156.80,176.20
301.32,172.28,162.07,179.73
299.73,172.87,162.73,177.83
299.89,172.93,164.20,177.00
300.06,172.99,165.67,176.17
301.53,181.81,164.53,172.73
303.90,184.36,163.20,169.10
301.10,181.74,170.07,173.67
311.08,191.92,168.53,169.80
311.00,192.00,170.00,169.00
311.24,192.27,170.63,169.80
312.74,201.57,168.73,168.07
309.96,198.54,175.40,174.90
302.65,199.71,176.20,175.87
305.59,202.43,172.00,171.83
306.33,202.95,172.20,172.20
305.03,203.61,172.13,172.30
305.20,201.41,172.87,173.20
306.76,202.76,170.80,171.30
306.19,201.97,173.00,173.67
304.74,194.93,176.97,177.80
303.25,180.97,181.00,182.00
308.82,176.51,180.90,181.63
313.19,172.67,181.20,182.07
312.83,171.80,183.00,184.50
314.90,173.85,179.93,181.07
317.92,168.44,182.87,184.70
317.49,164.27,184.20,186.20
315.70,162.57,182.03,184.20
315.40,162.38,183.67,186.00
319.31,159.93,189.80,192.30
315.77,163.08,184.73,187.40
313.50,155.90,186.20,189.03
315.87,156.01,186.60,189.60
306.75,155.87,187.50,190.67
297.92,156.03,187.80,191.13
298.27,156.20,188.10,191.60
300.02,158.22,185.60,188.33
297.04,154.59,192.57,196.40
288.00,164.00,193.00,197.00
288.36,164.05,192.00,196.73
287.95,163.84,191.40,197.00
281.57,174.94,186.70,193.00
276.63,169.65,196.33,203.40
277.29,171.42,191.83,199.67
277.40,171.46,190.80,199.40
270.28,171.50,189.77,199.13
269.82,173.00,185.80,195.93
269.87,172.98,184.90,195.80
264.22,173.61,183.00,194.33
262.82,171.65,185.63,198.07
264.45,172.89,182.20,195.40
264.82,172.87,181.30,195.27
270.16,172.84,180.40,195.13
273.87,171.81,181.00,197.00
284.05,172.78,178.60,194.87
292.59,171.89,179.43,196.47
292.87,171.53,178.60,197.00
294.09,174.11,175.90,194.47
294.74,174.82,174.33,193.00
304.10,175.00,173.20,192.60
313.92,178.20,171.00,191.13
314.93,178.68,168.63,189.50
313.77,177.00,170.60,192.20
317.14,178.27,163.50,185.83
316.51,177.44,164.40,187.47
316.46,168.50,166.00,189.80
315.08,166.47,167.80,193.27
315.04,166.23,166.90,193.13
315.00,166.00,166.00,193.00
314.63,165.65,168.10,193.07
314.43,165.40,169.87,192.93
304.71,167.88,169.10,189.30
305.98,169.40,168.00,186.27
296.89,169.38,170.00,186.33
287.24,169.35,172.00,186.40
280.78,169.79,172.83,185.53
272.36,167.67,173.60,184.67
268.11,166.39,178.00,186.60
260.79,168.29,182.00,188.67
262.50,170.00,180.17,185.27
263.57,171.25,179.60,182.80
269.02,173.07,179.83,181.57
267.54,171.96,183.80,183.67
266.20,171.23,187.50,185.00
264.46,170.14,192.00,187.07
260.23,170.05,194.00,187.13
260.83,170.76,194.40,185.60
260.56,170.60,196.53,185.80
261.95,174.58,195.33,183.33
256.42,182.01,194.50,181.30
253.98,182.67,200.33,184.53
254.72,183.20,199.80,182.87
256.00,184.63,198.20,179.40
254.32,183.11,202.50,181.83
263.96,184.62,200.73,178.20
264.83,184.46,202.30,177.90
264.45,184.21,204.07,177.80
264.18,184.04,205.63,177.53
264.00,184.00,207.00,177.00
263.64,183.81,206.70,177.30
263.28,183.63,206.40,177.60
254.60,183.59,205.70,177.60
256.62,186.25,201.27,174.67
255.44,186.78,200.17,174.17
256.42,195.60,197.20,171.80
254.54,193.88,199.97,175.17
253.72,193.23,200.60,176.40
251.97,191.99,203.10,178.80
251.68,191.86,202.67,179.00
250.66,191.17,203.70,180.30
243.38,184.05,205.80,183.00
246.28,186.90,199.63,177.87
243.73,184.51,195.80,174.67
233.72,183.82,196.50,176.00
232.53,182.77,197.93,178.07
231.22,181.58,199.63,180.40
225.14,179.76,203.20,184.00
218.56,179.10,204.23,185.27
218.38,179.05,203.67,185.33
218.20,178.99,203.10,185.40
218.02,178.94,202.53,185.47
217.84,178.88,201.97,185.53
218.76,179.63,199.20,184.00
220.40,181.36,195.00,180.50
229.67,181.49,194.00,180.20
226.09,178.46,200.20,186.20
227.84,179.88,195.73,183.33
238.76,181.94,190.83,179.17
239.00,182.00,190.00,179.00
238.66,182.37,185.93,177.63
240.45,184.41,178.27,172.93
251.65,195.37,168.40,167.10
256.70,192.46,171.20,172.07
255.47,182.16,170.83,174.67
266.25,185.09,161.40,168.20
274.48,183.95,160.10,169.87
291.31,185.10,154.20,166.93
301.90,186.61,147.20,163.30
309.18,187.12,143.33,161.67
310.55,187.18,139.77,160.93
310.52,195.22,135.40,159.00
307.42,204.04,132.63,159.47
320.35,211.13,127.67,155.93
333.46,212.64,122.50,153.00
348.57,221.22,116.53,149.20
361.26,225.17,113.07,148.40
372.41,221.93,113.60,154.20
384.54,223.08,113.33,158.07
399.52,224.30,109.00,155.33
415.92,219.27,106.90,157.50
415.99,226.28,102.00,153.33
412.59,230.09,94.00,145.10
407.64,226.07,90.80,144.60
409.91,225.15,89.00,145.50
414.29,224.13,85.67,146.60
413.52,224.21,81.90,145.50
413.48,225.27,76.67,141.20
412.51,219.58,73.30,142.50
412.00,220.00,69.00,141.00
407.20,219.77,73.73,139.97
402.61,219.48,78.73,139.07
400.71,216.37,86.70,143.80
394.75,215.05,91.93,144.93
390.76,217.44,94.17,138.67
390.69,216.93,99.80,138.20
390.76,217.59,105.17,135.40
385.87,211.08,112.53,139.00
386.37,211.76,117.40,136.50
393.96,212.95,120.67,133.00
388.99,217.18,124.00,131.47
382.80,219.82,129.20,133.00
384.99,220.61,130.50,130.10
379.07,221.50,135.00,128.80
380.08,224.93,138.50,126.00
376.10,229.97,138.80,122.67
372.38,232.40,143.10,121.33
371.24,232.98,145.00,118.80
367.35,239.66,144.83,115.97
361.53,242.72,148.67,114.33
351.56,249.50,150.70,112.20
350.19,250.69,154.93,111.20
340.29,257.70,155.73,108.47
332.55,259.14,159.20,106.40
323.32,258.80,168.33,107.17
324.10,265.79,169.20,103.20
319.69,266.89,169.20,99.30
311.76,266.09,176.40,99.20
313.88,267.01,176.33,95.67
301.00,267.00,180.00,94.00
294.06,267.01,180.77,94.47
302.42,267.96,177.80,93.07
294.13,260.88,182.70,95.60
301.32,260.77,180.67,94.67
307.25,253.95,185.83,97.50
309.60,248.42,182.20,95.60
302.25,246.44,184.17,96.67
299.10,240.83,187.20,98.27
300.42,240.51,189.70,99.60
322.70,239.09,186.33,98.00
338.41,234.69,187.37,98.60
338.33,234.71,188.40,99.20
341.14,230.90,191.17,100.67
343.44,226.49,194.47,102.40
345.77,218.35,197.50,104.50
346.65,218.02,196.27,103.47
345.39,209.96,199.30,105.07
341.24,208.93,202.60,107.40
343.21,210.07,199.63,105.40
339.19,210.58,198.00,104.67
322.96,209.85,201.00,106.40
318.07,213.34,206.73,109.33
312.18,221.09,200.20,106.13
307.85,221.25,206.20,109.20
306.10,226.48,210.33,112.17
300.64,235.81,207.80,110.13
301.38,244.73,205.00,108.80
295.89,246.32,201.93,107.33
282.15,254.93,198.73,105.80
282.00,255.00,199.00,106.00
282.03,255.07,198.63,107.67
282.16,262.84,198.07,109.13
283.48,263.75,194.30,109.20
269.04,271.38,194.07,110.93
255.65,272.58,190.00,110.50
239.62,277.89,191.20,113.40
229.75,278.61,195.23,117.53
219.39,287.89,190.20,116.40
210.33,293.01,192.00,118.70
208.72,292.70,194.33,121.00
211.46,293.53,190.93,121.03
227.12,291.05,189.00,121.20
239.26,283.30,188.17,122.47
235.02,273.89,188.73,125.13
233.62,281.40,190.50,127.00
232.58,280.95,191.53,128.87
253.97,276.59,190.07,129.73
273.39,274.04,186.20,128.80
283.00,267.99,187.57,132.27
286.74,264.10,189.33,135.00
287.87,256.50,186.30,135.30
290.21,250.31,185.00,137.13
289.12,247.48,185.87,139.53
296.28,242.01,183.20,138.60
296.49,232.75,184.83,142.33
293.41,230.04,189.67,148.20
304.50,231.52,181.30,144.00
305.00,223.49,179.53,144.87
306.77,224.95,175.23,142.93
307.00,217.00,174.00,144.00
306.90,216.93,172.73,142.23
305.06,216.90,171.27,140.40
303.73,215.50,172.60,141.30
303.94,215.63,170.87,139.13
302.21,214.25,173.00,140.00
301.43,222.24,171.00,137.60
303.30,224.89,165.57,132.77
297.42,226.41,161.20,128.00
291.20,234.32,158.10,124.50
292.57,237.06,154.00,120.67
289.81,238.74,148.90,115.77
289.61,241.84,144.20,111.20
289.46,241.91,143.30,109.80
287.16,243.24,139.33,105.87
285.10,249.78,137.50,103.50
277.94,248.74,138.73,104.20
280.82,254.69,137.97,102.90
279.08,253.60,140.00,103.60
278.85,259.59,139.00,102.13
281.66,259.01,139.00,101.67
285.38,264.90,137.90,100.10
298.16,265.14,136.13,97.87
312.59,272.02,131.03,93.83
324.12,273.19,125.60,89.60
328.06,274.31,124.50,88.00
328.19,277.53,125.47,88.53
334.32,282.73,121.80,84.60
345.68,283.35,119.87,82.40
355.24,283.12,118.03,80.30
365.00,283.00,116.00,78.00
376.14,281.78,117.37,78.37
386.24,280.56,118.73,78.73
397.75,278.79,119.80,79.00
408.82,272.69,120.27,78.80
417.32,266.23,123.50,81.00
425.29,255.25,127.60,82.40
425.45,249.89,128.70,82.63
421.94,243.46,129.80,82.87
426.30,239.03,129.70,82.70
420.53,236.63,136.00,85.67
412.31,229.96,137.07,86.23
402.64,226.10,140.00,87.60
398.43,224.22,144.83,89.67
390.90,228.84,145.27,89.40
377.53,230.23,148.00,91.00
370.31,232.34,147.13,89.53
353.45,237.04,147.47,89.63
331.50,246.97,151.00,91.40
314.92,247.83,152.10,91.30
313.60,252.46,154.00,92.00
316.26,252.93,154.40,91.90
316.21,256.50,156.93,92.73
313.16,261.54,157.87,93.03
313.55,267.71,159.20,93.20
313.54,266.15,161.33,94.17
313.87,271.31,162.80,94.47
314.03,269.98,164.60,95.10
316.05,269.59,162.67,93.87
317.73,269.26,161.43,92.50
318.00,268.00,163.00,93.00
333.43,273.28,163.47,93.73
335.83,278.49,167.00,96.53
354.45,282.98,172.20,99.80
373.89,288.11,174.53,101.80
378.93,296.68,178.17,104.67
377.04,301.96,178.40,105.20
378.87,311.91,179.80,106.57
375.47,311.72,189.07,113.00
373.88,309.32,194.70,116.80
377.42,312.98,196.33,118.33
385.13,283.34,193.20,116.93
406.54,278.22,191.20,115.80
441.21,273.11,188.13,114.87
445.96,275.64,183.73,112.53
479.78,292.92,187.00,115.00
440.87,224.13,191.67,118.20
434.42,210.35,191.53,118.53
432.00,200.17,187.60,116.60
418.86,183.27,190.40,118.87
405.27,171.05,186.33,117.33
395.79,156.82,179.70,113.30
377.39,146.71,178.67,113.27
371.00,137.11,178.93,114.03
359.38,133.72,183.00,117.40
352.41,135.32,176.83,113.00
318.35,153.71,181.47,117.13
289.09,158.43,187.00,120.60
265.49,193.63,188.87,122.20
240.85,210.95,190.43,123.60
217.00,236.00,192.00,125.00
225.04,252.15,189.53,122.97
242.21,277.95,183.33,119.07
232.95,285.22,184.30,118.80
214.34,291.63,185.20,119.33
197.09,289.43,193.00,123.17
185.91,289.14,194.20,123.80
175.80,288.35,194.77,123.97
176.55,290.82,190.13,120.13
166.81,288.69,191.10,120.30
169.53,290.12,185.67,116.00
169.34,290.50,183.03,113.80
170.56,288.16,181.60,113.00
175.87,287.37,182.87,112.80
187.77,287.68,179.93,110.40
193.45,290.77,175.50,107.50
201.81,292.40,169.87,102.80
205.47,295.92,165.53,100.03
215.75,303.18,163.00,97.20
225.98,305.52,159.03,94.37
225.31,311.88,156.67,92.67
234.96,319.34,154.50,90.80
272.94,328.68,148.73,86.13
297.42,328.75,147.70,85.07
315.91,324.98,146.40,83.60
333.04,314.94,142.83,80.83
340.91,310.08,138.27,78.20
340.97,310.08,137.00,76.90
345.63,305.78,134.67,74.93
350.97,296.13,132.20,72.90
351.00,290.00,130.00,71.00
350.80,282.81,130.33,79.67
350.70,271.86,130.80,88.80
350.39,270.04,131.50,98.40
350.30,260.94,132.40,108.47
354.26,255.02,133.00,117.83
351.20,251.21,133.00,125.80
338.94,253.66,129.33,129.50
324.96,258.20,128.87,136.13
317.27,262.23,130.60,143.30
319.38,265.52,126.00,144.67
311.78,268.36,129.70,153.40
308.62,274.97,125.80,159.60
311.46,278.77,124.83,164.47
308.32,278.44,124.67,171.73
297.80,280.35,126.00,179.50
299.46,278.98,124.47,188.53
304.57,279.05,120.47,186.43
325.83,283.65,119.00,190.40
350.49,249.15,116.03,193.67
364.43,230.45,116.33,200.67
373.42,221.10,115.10,203.70
383.22,220.47,113.07,206.40
386.45,205.66,112.43,212.60
385.82,205.15,112.40,219.00
386.15,203.94,111.67,225.17
387.96,192.00,107.87,222.80
380.04,185.95,105.30,224.30
382.37,177.16,99.00,217.00
383.27,155.03,95.57,218.13
387.00,138.00,94.00,223.00
386.99,121.04,98.83,221.87
384.36,97.14,108.93,233.53
390.87,89.35,107.50,218.80
389.17,78.09,115.47,225.20
388.02,76.08,122.33,228.33
387.78,75.31,127.40,229.00
388.23,74.77,131.07,229.20
390.38,78.30,131.33,221.27
387.99,79.10,135.00,218.80
384.29,81.72,136.00,212.67
382.69,92.89,136.87,205.97
376.84,96.39,136.00,198.20
374.67,99.94,136.47,192.23
371.41,104.90,138.13,191.87
362.24,107.51,143.00,193.50
351.98,114.77,150.00,193.53
349.15,125.48,148.47,187.17
343.23,138.20,146.20,178.80
338.28,155.87,148.03,173.73
324.93,165.86,150.00,169.00
316.84,175.41,151.50,163.70
308.33,183.41,153.00,157.60
301.24,187.60,152.77,151.23
293.91,194.42,153.00,148.40
295.80,199.58,150.00,139.17
287.16,205.72,155.40,139.73
285.86,213.32,158.30,137.80
281.73,224.59,152.00,128.67
268.55,221.19,164.17,134.07
260.00,229.00,167.00,132.00
250.09,228.73,167.79,132.24
241.99,221.49,168.59,132.48
235.14,229.36,166.69,130.03
233.10,227.75,170.17,132.97
233.81,228.89,170.97,133.21
241.17,236.28,167.62,130.10
238.73,234.78,171.97,132.86
231.39,233.31,175.28,135.59
231.90,236.64,174.24,133.97
232.31,237.20,173.41,133.21
230.92,236.69,176.17,134.59
245.67,234.82,171.79,131.52
242.89,232.92,177.14,135.07
257.80,232.49,178.38,135.69
258.19,232.84,177.55,134.76
257.62,232.46,178.66,135.28
257.05,232.08,179.76,135.79
257.41,237.82,179.00,134.45
258.90,241.70,176.00,131.86
252.86,241.42,177.00,132.28
251.51,240.73,179.10,133.52
261.69,242.76,173.69,129.31
271.58,242.56,174.45,129.55
273.68,244.44,169.41,125.66
273.02,237.95,169.93,125.72
263.81,236.79,172.83,127.38
273.21,238.14,167.24,123.07
274.55,239.03,164.72,121.10
274.00,239.00,165.00,121.00
