 9.00,73.00,209.00,149.00
 9.01,73.11,208.97,148.77
 9.03,73.21,208.93,148.53
 9.24,73.47,208.50,148.00
 9.32,73.63,208.33,147.67
 9.40,73.78,208.17,147.33
11.08,75.14,204.80,144.60
11.09,75.25,204.77,144.37
11.10,75.35,204.73,144.13
11.12,75.46,204.70,143.90
11.13,77.87,204.67,143.67
11.14,82.56,204.63,143.43
11.16,82.67,204.60,143.20
11.17,82.78,204.57,142.97
 9.34,82.89,204.53,142.73
12.47,85.24,198.50,138.00
16.40,90.04,190.87,133.20
15.71,93.49,192.47,133.77
15.96,93.72,192.20,133.40
17.47,94.90,189.40,131.13
17.78,95.18,189.00,130.67
18.69,95.77,187.40,129.60
18.93,96.01,187.13,129.20
13.90,96.26,186.87,128.80
13.91,96.51,186.60,128.40
12.78,96.76,186.33,128.00
13.29,97.21,185.53,127.20
13.62,97.56,185.10,126.60
13.88,97.77,184.80,126.27
13.94,97.89,184.90,126.13
14.00,98.00,185.00,126.00
15.14,99.30,183.37,125.13
16.27,100.60,181.73,124.27
17.56,102.00,179.80,123.20
17.97,109.30,178.07,122.27
19.93,104.67,176.33,121.33
21.11,111.51,174.60,120.40
-2.76,107.33,172.87,119.47
18.84,109.13,169.00,117.60
22.05,105.58,167.50,116.80
23.29,111.67,166.00,116.00
28.90,112.93,164.50,115.20
28.72,113.60,165.40,115.60
31.93,113.62,167.33,117.30
39.00,110.32,168.00,118.27
20.94,114.49,168.50,119.00
22.60,116.49,165.00,116.73
29.76,117.74,163.50,115.97
29.50,118.39,163.80,116.40
31.98,120.87,158.60,113.17
32.66,122.16,157.00,112.33
33.35,123.44,155.40,111.50
34.77,125.46,152.33,109.20
40.08,126.78,150.67,108.30
42.20,128.89,146.60,105.80
43.16,130.25,144.83,104.83
44.13,131.60,143.07,103.87
45.10,132.95,141.30,102.90
46.07,134.30,139.53,101.93
47.03,135.65,137.77,100.97
48.00,137.00,136.00,100.00
48.18,137.08,135.57,99.63
49.60,137.99,132.67,97.60
50.65,138.93,130.50,95.50
49.98,138.91,130.33,95.33
45.12,138.88,130.17,95.17
45.18,138.86,130.00,95.00
45.00,138.72,130.30,95.07
43.56,137.95,131.67,96.40
41.73,136.64,135.10,98.80
36.17,135.60,138.00,100.67
35.67,134.93,139.17,101.80
34.94,134.32,140.80,102.80
36.24,132.70,138.37,100.80
36.54,132.60,137.93,100.40
36.84,132.50,137.50,100.00
35.04,130.77,141.27,102.87
35.49,128.66,140.53,102.23
37.14,129.64,137.40,100.00
37.00,129.41,137.83,100.20
36.67,129.04,138.67,100.67
31.32,128.03,141.40,102.40
36.82,128.76,138.93,100.67
37.09,128.79,138.57,100.33
37.37,128.82,138.20,100.00
37.64,128.85,137.83,99.67
37.91,128.88,137.47,99.33
38.18,128.91,137.10,99.00
38.46,128.94,136.73,98.67
38.98,129.00,136.27,98.27
39.00,129.00,136.00,98.00
38.99,128.93,136.17,98.23
38.98,128.87,136.33,98.47
38.82,128.70,136.80,98.90
38.56,128.40,137.47,99.60
37.20,127.42,140.33,101.67
37.14,127.30,140.60,102.00
37.08,127.18,140.87,102.33
37.02,127.07,141.13,102.67
36.96,126.95,141.40,103.00
36.40,126.50,142.67,104.00
36.29,126.35,143.03,104.40
35.58,125.80,144.60,105.60
34.77,125.18,146.37,106.93
34.03,124.43,148.00,108.53
33.60,124.00,149.00,109.50
32.54,121.11,151.27,111.20
32.23,120.96,152.03,111.90
31.92,120.81,152.80,112.60
30.66,120.03,155.47,114.57
28.64,118.51,159.67,118.00
28.24,118.31,160.60,118.80
29.10,117.84,162.33,120.13
28.20,117.44,163.87,121.33
29.00,118.30,162.00,120.00
34.28,118.25,162.50,120.50
34.12,118.20,163.00,121.00
35.32,119.05,160.80,119.70
35.21,119.03,161.20,120.13
35.16,119.05,161.50,120.50
35.00,119.00,162.00,121.00
37.00,119.04,160.37,120.57
39.06,119.15,158.60,120.00
42.45,120.13,154.20,117.70
47.16,122.83,147.13,112.67
42.75,122.91,145.67,112.33
46.49,125.59,151.40,117.60
41.55,124.33,152.87,119.50
44.74,126.47,148.93,117.53
41.52,127.26,145.20,115.70
41.38,126.99,144.33,116.00
36.91,127.01,142.87,115.70
40.06,128.34,138.80,112.80
35.17,128.35,137.37,112.53
33.94,128.82,135.00,111.33
30.01,128.86,133.50,111.00
29.77,132.51,130.93,109.60
23.84,130.85,133.27,112.23
25.80,130.82,131.80,111.60
24.77,130.88,129.73,110.80
21.76,131.60,126.33,108.67
23.84,131.44,124.40,108.30
19.55,130.71,123.93,109.07
16.36,130.92,121.37,107.97
16.56,129.06,123.40,111.00
12.06,132.72,123.33,112.17
 8.09,132.91,121.27,111.47
 4.96,133.83,117.90,109.30
 2.39,135.33,114.20,106.87
-1.22,135.05,112.93,106.67
 1.00,135.00,111.00,106.00
-2.54,136.27,108.13,103.10
-12.65,137.58,105.27,100.20
-20.17,139.71,100.60,95.60
-23.93,145.41,97.93,92.80
-31.48,147.79,93.50,88.50
-32.06,149.53,92.20,87.00
-39.22,155.26,90.93,85.93
 2.84,181.99,86.60,81.60
 2.49,152.21,83.80,78.50
 2.09,155.27,83.00,78.00
 0.63,158.09,81.27,76.27
 0.93,160.48,78.20,73.20
 0.35,163.86,75.13,70.13
-0.81,167.33,73.67,68.13
-1.08,171.58,70.50,65.00
-1.34,174.68,68.27,63.27
-0.67,179.46,64.17,58.73
-0.46,182.32,61.00,55.60
-0.26,185.98,57.83,52.47
 1.38,189.90,53.67,48.67
 1.00,193.21,51.50,46.20
 1.11,196.92,48.33,43.07
 1.22,199.93,45.17,39.93
 1.33,202.94,42.00,36.80
 1.44,205.94,38.83,33.67
 1.55,208.95,35.67,30.53
 1.67,212.87,32.50,27.40
 1.78,215.91,29.33,24.27
 1.89,219.93,26.17,21.13
 2.00,223.00,23.00,18.00
 0.00,223.81,23.40,18.03
-1.93,224.67,23.80,18.07
-3.74,225.45,24.10,18.00
-6.54,225.26,24.33,18.00
-8.83,224.27,24.67,18.00
-9.73,223.82,25.40,18.20
-11.90,223.53,25.80,18.23
-14.05,222.52,26.20,18.27
-16.29,224.17,26.60,18.30
-19.39,229.79,27.00,18.33
-15.83,232.38,27.40,18.37
-16.96,231.57,28.60,18.80
-17.95,233.42,28.63,18.43
-23.21,236.31,28.60,18.47
-24.23,231.46,29.50,19.00
-21.58,223.03,30.93,19.53
-30.18,230.65,30.23,19.00
-26.45,226.86,31.20,19.00
-28.24,226.42,32.87,20.27
-29.03,227.12,31.67,18.67
-29.13,230.60,32.80,19.40
-24.83,223.60,34.73,20.20
-16.44,228.46,35.27,20.30
-17.82,228.63,35.80,20.40
-14.23,226.87,36.33,20.50
-12.52,224.03,36.87,20.60
-8.96,223.56,37.40,20.70
-5.07,220.30,37.93,20.80
 1.96,220.01,38.47,20.90
 2.00,220.00,39.00,21.00
 9.42,218.52,42.53,22.97
16.30,217.06,45.87,24.87
22.15,214.26,49.30,26.80
25.92,213.34,51.47,28.47
31.10,211.96,55.67,30.33
29.06,211.94,60.40,32.60
36.99,210.30,60.33,33.07
42.32,208.46,62.20,34.20
42.83,205.05,64.70,35.50
43.35,202.52,69.00,38.00
41.16,200.35,73.03,39.90
36.86,199.08,75.80,41.80
42.79,197.82,79.20,43.70
43.91,194.19,82.60,45.60
38.78,193.49,86.00,47.50
34.43,189.79,90.33,49.87
26.90,188.50,95.23,52.73
23.72,188.03,100.40,55.80
19.66,181.34,109.57,60.27
20.90,179.22,115.00,63.33
20.07,176.23,121.00,66.90
18.19,174.05,125.00,69.13
22.19,173.68,129.00,71.37
16.21,170.77,137.60,75.80
18.67,168.67,141.83,78.17
22.56,161.66,143.47,79.67
21.32,157.45,156.50,86.50
24.06,151.98,161.00,89.00
20.76,149.38,165.50,91.50
17.00,147.00,170.00,94.00
23.73,146.87,170.07,95.03
22.39,145.71,173.20,98.13
26.17,143.76,179.60,102.80
25.59,142.82,182.93,105.47
31.33,141.94,186.00,108.00
27.93,139.83,193.60,113.00
33.60,132.73,193.63,114.20
43.48,136.88,177.87,106.67
48.27,134.33,178.80,108.40
49.63,128.57,181.00,111.00
53.06,123.42,183.63,113.37
56.75,125.72,176.60,110.00
59.26,122.43,177.87,111.87
60.49,120.52,183.53,116.47
63.13,120.14,185.50,118.00
65.33,113.23,188.33,120.67
69.71,113.48,187.70,121.07
72.06,112.19,183.80,120.40
74.47,109.02,184.83,122.37
82.99,111.43,177.33,118.67
85.86,106.91,176.30,119.20
90.01,105.66,178.47,121.47
92.41,105.74,177.60,122.07
90.50,104.17,181.80,126.00
96.34,103.97,182.00,127.17
97.57,103.78,182.20,128.33
100.37,102.13,186.30,132.40
109.47,103.39,182.60,130.67
109.68,103.16,182.90,131.90
110.00,103.00,183.00,133.00
116.74,102.98,181.37,132.87
116.99,102.95,179.73,132.73
123.87,102.93,178.10,132.60
123.90,102.91,176.47,132.47
130.72,102.88,174.83,132.33
130.73,102.86,173.20,132.20
137.84,103.07,170.87,131.60
137.87,103.08,169.13,131.40
144.61,103.09,167.40,131.20
144.12,102.77,166.67,131.67
150.76,102.74,165.03,131.53
150.70,102.72,163.40,131.40
157.28,102.70,161.77,131.27
162.75,101.87,162.27,132.73
165.37,101.15,161.50,134.00
172.25,101.30,159.53,133.53
178.00,100.54,159.80,134.87
178.06,100.48,158.20,134.80
178.12,100.43,156.60,134.73
179.47,97.65,157.00,136.67
187.79,101.41,147.50,129.30
187.06,95.79,147.47,131.47
186.55,95.28,146.97,132.23
186.18,94.87,146.20,132.80
181.06,93.97,147.00,134.33
180.95,93.88,145.40,134.27
179.34,92.33,146.80,137.10
179.09,91.66,145.47,137.27
179.23,91.96,143.37,136.87
179.00,92.00,142.00,137.00
180.15,92.45,141.47,135.37
181.19,92.87,141.13,133.80
182.29,93.30,140.70,132.20
176.84,93.60,140.67,130.87
177.92,94.00,140.33,129.33
179.00,94.40,140.00,127.80
178.93,93.65,141.97,128.57
179.80,93.83,142.07,127.47
181.19,94.97,141.10,125.30
182.32,95.47,140.67,123.67
183.46,95.96,140.23,122.03
185.19,96.86,138.60,119.60
187.45,98.04,135.90,116.60
182.80,96.80,135.20,114.80
179.50,94.73,132.00,111.50
150.42,99.98,126.93,105.87
107.52,98.65,125.50,102.93
85.66,105.27,124.60,101.40
89.01,107.25,121.40,96.77
90.46,107.97,120.00,94.67
90.67,107.63,121.10,94.70
91.54,107.95,120.87,93.40
92.41,108.27,120.63,92.10
92.08,108.18,122.80,91.60
92.90,108.49,122.67,90.33
93.72,108.79,122.53,89.07
93.03,108.19,124.20,89.60
94.02,108.46,124.13,88.40
95.01,108.73,124.07,87.20
96.00,109.00,124.00,86.00
95.79,108.98,124.27,86.13
95.48,108.89,124.73,86.40
94.89,107.93,126.90,88.40
93.55,107.48,129.80,89.40
93.56,107.47,130.00,89.50
93.58,107.47,130.20,89.60
94.29,107.93,129.00,88.77
94.67,108.13,128.47,88.47
97.85,107.75,129.90,89.30
99.06,107.45,131.00,90.00
103.60,108.18,129.00,88.63
102.04,107.24,132.00,90.60
104.87,107.38,130.97,90.40
110.07,110.81,126.47,87.53
108.00,109.91,130.50,89.50
110.12,109.52,132.00,90.47
113.24,111.23,130.70,89.57
113.44,111.41,130.20,89.20
112.48,110.83,132.00,90.37
116.10,110.84,132.00,90.33
116.67,111.16,131.10,89.70
116.75,111.14,131.20,89.73
116.83,111.12,131.30,89.77
118.11,111.91,129.00,88.20
113.75,111.92,129.00,88.17
112.40,111.07,131.60,89.87
112.15,110.95,132.00,90.10
112.03,110.90,132.13,90.20
111.97,110.95,132.07,90.10
112.00,111.00,132.00,90.00
111.91,110.99,132.17,90.10
111.81,110.98,132.33,90.20
111.87,111.07,132.20,90.10
106.52,111.23,131.87,89.87
107.77,112.12,129.33,88.17
106.72,111.54,131.40,89.40
101.29,111.63,131.30,89.30
103.17,112.82,127.53,87.00
104.17,113.56,125.50,85.60
98.83,113.57,125.67,85.67
98.73,113.08,125.83,85.73
97.74,112.34,127.80,87.20
97.12,111.58,129.00,87.57
93.33,110.55,131.53,89.53
88.82,109.52,134.50,91.50
90.24,110.42,131.67,89.60
90.15,110.32,131.83,89.70
90.06,110.22,132.00,89.80
89.97,110.12,132.17,89.90
89.88,110.03,132.33,90.00
88.74,109.23,134.60,91.50
86.77,107.63,138.53,94.60
86.20,107.20,139.67,95.37
85.73,106.83,140.60,96.00
86.86,112.50,138.33,94.50
88.95,114.33,134.13,91.13
89.11,114.88,133.80,90.90
89.08,114.92,133.87,90.93
89.09,114.99,133.83,90.90
89.00,115.00,134.00,91.00
89.00,115.00,134.00,90.97
89.00,115.00,134.00,90.93
89.01,115.00,134.00,90.90
89.01,115.00,134.00,90.87
89.01,115.00,134.00,90.83
89.01,115.00,134.00,90.80
89.36,115.23,133.30,90.30
89.42,115.27,133.20,90.20
90.07,115.70,131.90,89.30
96.03,116.00,131.00,88.67
95.08,115.37,132.90,89.90
95.14,115.40,132.80,89.80
95.19,115.43,132.70,89.70
96.05,116.00,131.00,88.53
96.55,116.50,130.00,87.50
96.52,116.47,130.07,87.53
96.50,116.43,130.13,87.57
96.47,116.40,130.20,87.60
96.44,116.37,130.27,87.63
96.41,116.33,130.33,87.67
94.28,114.90,134.60,90.50
100.86,115.53,132.67,89.20
100.56,115.23,133.30,89.77
100.22,115.00,134.00,90.20
100.24,115.00,134.00,90.17
98.95,114.13,136.60,91.87
99.34,114.00,137.00,92.10
105.87,114.93,134.20,90.20
105.98,115.00,134.00,90.03
106.00,115.00,134.00,90.00
106.08,114.97,134.03,90.10
112.66,115.87,131.27,88.33
111.87,115.00,133.80,90.10
112.01,115.00,133.73,90.13
117.94,115.83,131.17,88.50
116.35,114.80,134.20,90.60
117.58,114.77,134.23,90.70
118.07,115.00,133.47,90.27
122.64,115.40,132.20,89.50
121.50,114.67,134.33,91.00
121.41,114.63,134.37,91.10
121.32,114.60,134.40,91.20
120.80,114.13,135.30,92.17
123.37,114.07,135.40,92.33
123.44,114.00,135.50,92.50
123.51,113.93,135.60,92.67
124.15,114.43,134.57,91.70
124.25,114.40,134.60,91.80
124.36,114.37,134.63,91.90
124.46,114.33,134.67,92.00
126.07,115.30,131.70,90.10
126.17,115.27,131.73,90.20
126.27,115.23,131.77,90.30
126.38,115.20,131.80,90.40
127.16,115.17,131.83,90.50
126.93,115.00,132.27,90.87
126.95,115.00,132.20,90.90
126.97,115.00,132.13,90.93
126.98,115.00,132.07,90.97
127.00,115.00,132.00,91.00
126.98,114.95,132.03,91.00
126.95,114.91,132.07,91.00
126.93,114.86,132.10,91.00
120.89,114.08,134.33,92.47
121.49,114.94,131.67,90.67
121.52,114.92,131.60,90.60
121.21,114.68,132.23,91.00
121.19,114.63,132.27,91.00
121.17,114.58,132.30,91.00
121.16,114.54,132.33,91.00
121.14,114.49,132.37,91.00
120.22,113.85,134.20,92.20
120.26,113.83,134.13,92.13
119.38,114.22,132.80,91.27
116.45,113.81,133.50,92.00
115.68,113.33,134.87,92.87
115.02,112.91,136.03,93.60
115.05,112.97,135.80,93.40
113.47,113.02,135.57,93.20
114.65,113.74,133.33,91.67
108.96,106.84,137.20,94.20
108.43,107.61,134.87,92.60
107.43,108.37,132.77,91.00
107.40,108.34,132.80,91.00
103.04,109.14,130.33,89.33
94.89,102.65,133.27,91.27
86.70,101.86,135.60,92.80
81.93,97.06,132.93,91.00
71.09,97.06,132.87,90.93
71.00,97.00,133.00,91.00
61.64,94.64,130.90,94.45
47.86,83.53,136.45,104.03
43.91,81.66,133.86,106.72
35.62,80.38,128.90,108.24
30.19,76.42,129.10,113.21
29.72,74.04,131.48,118.83
25.38,70.61,128.90,121.97
19.04,61.89,130.66,128.72
15.34,60.37,127.24,130.76
12.05,59.43,122.41,131.66
 8.23,53.84,123.38,137.72
 8.03,50.01,125.69,144.03
 7.09,43.72,124.62,147.72
 3.90,42.64,120.24,146.38
 2.95,41.03,117.17,148.52
 2.90,33.47,113.52,150.55
-3.09,33.14,109.28,150.24
 2.01,33.48,107.28,148.59
-9.97,31.56,105.69,156.45
15.60,38.91,105.86,164.48
23.91,42.09,101.69,162.52
23.10,42.09,97.10,163.83
24.84,47.11,93.34,165.76
29.72,46.53,87.93,166.45
29.67,46.35,83.34,167.76
23.86,40.59,78.76,169.07
21.02,35.61,76.97,176.90
 8.84,27.71,73.17,182.14
 1.00,26.00,69.00,184.00
