197.00,115.00,90.00,59.00
198.10,114.62,89.06,58.88
197.73,113.68,90.25,59.88
197.98,112.96,90.62,60.44
199.72,112.99,88.00,59.50
199.56,112.46,87.62,59.69
200.44,113.64,85.50,59.00
203.55,113.42,84.75,59.00
204.86,115.29,83.00,58.50
209.49,115.14,81.56,57.88
208.45,112.96,81.75,58.62
206.86,112.51,81.50,59.06
209.02,108.82,83.25,60.75
205.68,106.81,86.75,63.88
204.42,104.74,89.62,67.12
207.42,99.88,91.31,68.62
208.00,99.00,91.00,69.00
213.51,95.03,88.38,69.00
221.27,95.76,82.62,66.88
225.45,94.15,85.50,70.94
226.36,92.78,86.25,73.75
229.29,88.07,84.94,75.31
231.99,87.77,82.50,76.12
235.06,88.22,79.31,75.44
236.59,88.54,76.00,75.00
237.70,92.89,72.56,73.88
240.46,92.74,70.12,74.25
241.80,93.27,66.31,73.25
244.69,93.43,63.25,73.00
243.44,92.38,61.81,75.19
247.28,93.82,57.00,72.38
247.06,90.79,54.00,72.19
247.00,91.00,51.00,72.00
241.14,90.85,53.81,72.12
234.21,90.64,56.88,72.38
229.15,90.74,59.06,72.00
223.50,92.31,60.00,70.75
217.86,91.63,62.19,70.06
211.49,91.65,64.62,69.88
205.11,89.99,67.06,69.69
202.53,90.20,69.50,69.50
198.89,92.13,71.50,68.44
192.46,90.85,77.12,70.88
189.07,91.04,79.25,70.38
186.58,94.83,81.75,70.25
184.56,95.28,83.31,69.38
182.92,95.79,84.12,68.38
180.31,95.96,86.50,68.06
178.00,96.00,89.00,68.00
178.06,96.59,88.75,67.31
178.88,93.78,87.00,65.88
180.89,93.73,89.19,66.50
183.48,89.82,91.25,67.00
187.93,93.82,92.06,67.56
196.90,98.27,91.75,67.12
200.81,102.62,92.25,66.75
205.97,103.70,90.50,65.00
208.21,104.57,89.62,63.69
210.30,105.44,88.38,62.38
212.30,108.30,88.94,62.12
213.09,109.88,89.25,61.75
211.82,107.97,89.81,61.50
211.91,108.61,89.62,60.88
208.33,105.44,89.81,60.44
208.00,106.00,90.00,60.00
208.22,101.84,89.75,60.38
209.75,105.87,86.88,59.00
208.76,108.46,89.06,60.75
211.65,107.33,91.00,62.50
209.73,106.15,89.81,61.94
206.21,103.01,89.88,62.38
198.14,110.72,87.12,62.06
191.64,113.95,89.00,63.50
190.05,115.20,88.62,63.81
183.80,114.28,85.62,61.88
178.83,104.56,88.44,64.00
179.74,95.77,87.00,64.50
179.87,91.48,87.12,65.06
180.56,91.93,86.12,63.75
179.62,90.25,88.38,66.69
180.00,86.00,88.00,67.00
175.75,82.15,88.25,67.25
173.63,80.86,92.00,70.12
174.00,78.03,89.25,67.81
173.50,77.89,89.25,68.25
173.35,78.18,88.56,67.81
173.44,75.12,87.38,66.50
173.07,74.97,87.12,67.00
176.72,71.72,86.50,66.00
178.53,69.86,86.06,65.75
190.77,68.69,84.38,64.88
199.47,69.50,86.56,65.94
209.33,76.63,84.75,65.00
215.74,84.21,84.88,65.31
226.21,87.69,85.88,65.62
224.63,89.88,88.12,68.00
233.00,90.00,88.00,68.00
241.97,90.06,88.00,67.75
246.12,85.48,90.00,68.62
252.00,82.41,89.62,68.06
255.44,81.70,91.50,69.75
256.54,82.67,90.00,68.06
255.20,81.59,93.38,70.50
254.93,82.56,91.12,68.81
252.55,78.62,92.00,69.00
250.32,78.65,89.38,67.00
244.97,80.17,86.12,64.00
239.65,76.26,87.06,64.31
235.34,75.56,88.75,65.75
229.89,74.55,92.50,67.81
227.36,75.09,91.12,66.75
226.91,74.98,91.62,67.00
227.00,75.00,92.00,67.00
227.16,74.89,91.31,67.06
227.79,74.78,90.62,67.12
221.36,76.87,95.38,71.00
221.03,77.99,94.25,70.50
219.49,81.50,91.50,69.25
217.98,85.05,91.75,69.88
218.64,85.68,93.62,71.88
220.05,88.35,91.00,71.00
220.58,88.21,90.12,71.00
219.37,87.02,92.75,73.12
220.71,87.32,90.25,72.25
224.71,85.82,90.50,72.75
226.14,83.28,87.75,71.75
229.91,78.06,88.25,72.38
234.45,77.75,87.12,72.19
235.00,78.00,86.00,72.00
235.02,77.58,86.44,72.50
235.05,81.13,86.88,73.00
240.37,85.93,84.50,70.88
238.77,88.32,88.25,74.00
235.13,88.40,88.00,73.62
236.46,88.49,85.88,73.25
236.42,88.32,86.50,73.38
237.19,88.91,85.50,72.00
233.19,88.24,86.00,73.12
234.64,88.95,83.62,71.50
235.18,88.88,83.06,71.44
234.47,88.00,85.00,73.00
234.04,90.67,86.38,73.81
234.36,90.78,86.25,73.88
234.59,90.80,86.31,74.12
235.00,91.00,86.00,74.00
234.86,95.07,86.44,73.81
234.85,95.21,86.62,73.50
235.15,95.60,86.19,72.69
238.20,95.80,86.25,72.25
238.38,96.04,85.56,71.75
237.06,95.65,87.88,72.50
238.92,97.72,87.31,71.81
238.91,100.11,87.50,71.50
236.70,100.25,87.69,71.19
235.19,99.77,90.38,72.12
231.78,100.34,88.81,70.94
233.26,105.87,85.50,67.75
232.62,105.68,86.44,68.12
227.85,101.36,88.00,69.12
226.43,97.22,90.50,70.06
222.00,97.00,91.00,70.00
221.71,97.39,90.69,69.31
220.36,97.21,92.50,69.75
220.23,94.33,91.88,68.94
218.22,93.73,95.00,70.75
214.07,93.46,93.75,69.56
214.72,94.68,91.50,67.25
213.37,91.92,93.25,68.19
214.02,91.20,91.00,66.50
208.78,87.23,92.75,66.81
211.15,89.39,87.12,62.75
205.39,88.82,90.25,64.12
202.74,86.31,94.75,67.25
202.42,86.98,94.56,66.69
197.96,88.08,94.62,66.38
200.13,90.21,89.50,61.81
200.00,91.00,89.00,61.00
199.93,91.08,89.25,61.12
194.36,90.34,92.75,62.88
194.54,89.98,92.50,63.88
195.09,93.53,91.50,63.00
195.62,98.22,88.38,60.69
192.04,101.30,90.25,62.00
190.23,104.07,86.81,59.25
189.98,104.02,87.50,59.50
187.20,104.47,86.19,58.75
184.94,108.25,85.88,58.50
183.39,107.09,88.88,60.94
180.79,102.37,94.00,65.00
180.97,102.17,93.56,63.56
186.16,103.23,89.88,61.62
186.68,103.56,89.25,61.12
187.00,100.00,89.00,61.00
187.03,99.86,89.12,61.06
187.31,100.31,88.75,60.88
193.02,102.10,84.56,57.56
191.65,100.88,87.50,60.25
194.04,100.85,87.88,60.56
196.75,102.19,85.12,58.12
198.71,105.35,81.44,55.88
199.83,103.45,86.50,59.50
199.69,103.11,87.00,60.00
199.05,102.65,88.50,60.75
199.29,102.63,88.25,60.62
199.53,102.60,88.00,60.50
201.80,103.80,83.69,57.94
198.27,102.96,84.88,58.50
197.14,99.10,86.94,59.94
197.00,99.00,87.00,60.00
196.82,99.07,87.31,60.19
196.63,98.66,87.62,60.38
196.63,98.59,87.56,60.38
195.76,95.30,89.25,61.25
195.70,95.42,89.31,61.31
195.27,95.36,90.12,61.75
197.27,95.67,89.44,61.44
195.56,95.80,89.50,61.50
197.56,97.47,89.81,61.69
199.19,98.18,87.00,60.12
200.24,100.55,87.50,60.44
196.74,98.31,94.50,65.25
197.25,98.66,93.50,64.88
198.06,99.64,91.88,64.12
200.12,104.90,87.75,60.81
200.00,105.00,88.00,61.00
196.53,105.15,87.69,60.69
198.26,110.46,83.50,57.25
196.49,111.97,86.75,60.19
195.47,112.33,88.50,61.00
195.26,112.38,88.62,61.00
196.62,113.69,85.62,58.50
195.81,113.40,86.94,59.19
194.39,112.99,89.50,61.00
194.27,112.96,89.44,61.06
194.28,114.58,89.12,60.38
194.58,113.60,88.25,59.81
198.50,113.76,87.50,59.50
204.05,110.99,85.19,57.56
206.52,111.97,87.12,59.50
205.48,111.24,89.56,60.75
205.00,111.00,90.00,61.00
201.57,107.34,89.69,60.88
204.34,109.52,83.62,56.62
201.92,104.01,88.38,60.38
201.07,103.63,90.00,61.25
198.97,102.27,94.12,64.06
196.26,100.69,94.38,64.50
196.69,102.28,93.94,64.25
197.62,100.82,92.50,63.50
198.68,101.07,90.81,62.62
199.55,99.86,89.50,61.62
197.68,100.15,88.75,61.19
196.29,96.74,91.50,62.75
197.47,97.28,89.12,61.38
197.90,97.31,88.25,61.00
197.95,97.15,88.12,61.00
198.00,97.00,88.00,61.00
194.88,96.61,87.62,61.44
196.98,94.81,91.00,63.75
192.99,90.04,91.50,66.12
193.27,92.97,91.25,65.75
191.08,94.19,88.31,65.06
193.66,94.26,86.50,64.62
189.21,89.21,88.44,66.69
193.34,90.38,84.50,64.00
193.51,89.90,84.44,64.62
197.23,89.22,84.75,65.62
194.39,89.11,83.25,65.50
194.65,88.69,83.00,66.00
191.02,88.33,83.25,66.38
190.57,86.85,84.38,69.00
191.70,87.55,81.94,67.25
192.00,87.00,82.00,68.00
191.70,91.15,81.93,67.07
189.94,91.08,83.87,67.13
192.52,97.20,77.60,61.80
195.76,93.59,80.27,63.53
200.57,94.77,76.67,59.33
205.58,95.73,80.40,61.80
207.28,98.00,79.93,59.87
206.56,98.13,80.00,59.53
204.38,99.63,83.00,60.40
207.19,98.01,83.00,59.33
204.42,98.79,81.93,57.67
201.33,95.80,80.80,56.60
196.16,95.53,83.93,57.07
195.05,92.84,82.93,55.87
190.00,93.00,83.00,55.00
