221.00,95.00,61.00,92.00
219.71,94.99,61.97,92.27
218.95,95.97,61.87,90.53
216.84,95.96,62.80,90.80
215.90,96.68,63.13,89.60
213.24,96.77,63.83,89.67
211.64,95.00,65.60,91.60
210.84,95.60,65.77,90.33
209.64,92.71,66.73,90.67
208.14,92.33,68.30,91.60
206.91,92.22,69.33,92.00
206.67,92.79,68.37,91.03
204.61,92.70,69.40,91.40
203.96,93.17,69.87,90.63
197.13,91.18,70.93,91.07
196.01,90.67,72.50,92.50
190.61,90.69,73.53,92.87
189.32,90.50,75.43,93.67
187.03,90.53,76.40,94.00
186.33,90.57,77.37,94.33
185.63,90.61,78.33,94.67
185.23,90.80,78.70,94.70
185.23,92.51,78.27,93.60
184.76,92.91,78.77,92.97
183.22,91.98,81.40,95.00
181.89,91.82,82.50,95.50
181.10,91.39,83.87,96.53
179.65,91.24,85.10,97.00
179.14,91.49,85.93,97.27
174.24,91.20,87.07,97.73
174.00,91.00,88.00,98.00
168.53,90.83,89.00,99.00
166.75,89.73,91.87,101.87
165.94,89.60,92.80,102.80
165.99,90.33,92.00,102.00
164.14,90.17,93.00,103.00
162.30,89.20,95.60,105.60
160.52,88.30,98.07,108.07
151.97,91.07,99.67,110.40
151.68,88.16,99.80,109.80
148.92,88.72,99.33,109.33
147.81,88.51,100.80,110.43
138.87,91.35,101.60,111.20
138.58,91.00,101.67,112.23
137.99,90.85,102.33,112.87
135.15,88.21,107.50,118.50
132.14,87.96,108.33,119.33
130.77,86.84,110.90,121.90
126.29,86.06,112.40,123.80
125.69,85.93,113.03,124.40
119.26,85.80,113.67,125.00
118.93,86.12,113.70,124.70
118.27,85.94,114.40,125.40
118.37,86.91,113.57,123.80
111.92,86.78,114.20,124.40
105.41,86.65,114.83,125.00
104.60,86.32,115.73,126.00
103.42,86.24,116.30,126.50
102.81,86.03,117.13,127.27
102.41,86.01,117.57,127.63
102.00,86.00,118.00,128.00
101.86,86.16,118.07,127.83
101.71,86.32,118.13,127.67
95.49,86.38,118.40,127.70
94.11,84.81,120.93,131.00
93.88,85.92,121.17,131.00
94.45,87.40,119.80,128.60
94.19,92.21,120.10,128.70
95.76,94.08,116.73,125.13
94.26,94.73,115.80,124.00
88.05,93.32,119.67,127.00
88.78,94.20,117.97,125.40
85.44,93.48,119.40,127.00
88.49,94.82,118.10,124.50
84.14,95.19,117.73,123.93
82.52,93.74,120.50,127.00
75.06,93.52,121.27,127.60
73.52,92.46,123.73,129.90
70.50,92.19,124.60,130.60
69.32,91.29,126.73,132.57
68.73,90.99,127.67,133.33
68.15,90.69,128.60,134.10
61.35,90.39,129.53,134.87
60.74,90.09,130.47,135.63
60.13,89.79,131.40,136.40
58.27,88.25,134.83,139.67
50.70,86.60,138.47,143.13
49.20,86.20,139.60,144.10
48.40,85.70,140.87,145.27
47.67,85.32,142.00,146.20
47.00,85.00,143.00,147.00
46.84,84.74,143.00,146.90
46.67,84.49,143.00,146.80
46.51,84.23,143.00,146.70
46.14,83.78,143.40,147.00
40.47,83.47,143.50,147.00
45.72,83.16,143.60,147.00
39.28,81.71,146.00,149.30
40.44,82.55,143.80,147.00
40.89,84.68,143.00,146.10
40.95,82.46,143.00,146.00
45.70,85.15,141.90,144.80
42.06,85.57,141.00,143.80
46.56,86.27,139.53,142.23
46.54,86.36,139.27,141.87
46.51,86.46,139.00,141.50
46.48,86.56,138.73,141.13
45.60,85.81,140.17,142.47
45.52,82.00,140.00,142.20
45.99,82.38,138.73,140.83
50.14,82.17,138.67,140.67
49.53,81.25,140.00,141.90
49.58,81.00,140.00,141.80
47.33,78.45,144.60,146.30
48.58,78.10,144.80,146.40
46.72,77.25,146.00,147.50
46.77,77.00,146.00,147.40
46.83,76.75,146.00,147.30
47.33,76.50,146.00,147.20
47.11,76.20,146.10,147.20
47.00,76.00,146.00,147.00
46.64,75.89,146.50,147.30
49.17,78.68,141.20,141.80
42.25,84.34,141.80,142.20
41.83,83.96,142.40,142.60
41.15,83.33,143.50,143.50
37.97,80.20,149.60,149.40
37.55,79.83,150.20,149.80
37.92,80.25,149.20,148.60
30.92,86.65,149.60,148.80
27.58,83.38,156.00,155.00
27.40,83.26,156.10,154.90
28.11,84.04,154.40,153.00
27.88,83.87,154.60,153.00
28.44,84.50,153.20,151.40
28.16,84.29,153.50,151.50
28.58,84.77,152.40,150.20
26.74,83.00,155.80,153.40
26.41,82.73,156.20,153.60
26.07,82.46,156.60,153.80
25.74,82.19,157.00,154.00
26.45,82.97,155.30,152.10
26.17,82.75,155.60,152.20
24.73,81.38,158.20,154.60
24.40,81.11,158.60,154.80
22.81,79.60,161.50,157.50
16.87,80.58,159.40,155.20
17.88,81.66,157.10,152.70
17.58,81.44,157.40,152.80
17.29,81.22,157.70,152.90
17.00,81.00,158.00,153.00
16.92,81.77,157.93,152.47
18.23,83.93,155.07,149.13
18.10,84.65,155.10,148.70
17.97,85.37,155.13,148.27
17.83,86.08,155.17,147.83
17.70,86.80,155.20,147.40
17.57,87.52,155.23,146.97
17.43,88.23,155.27,146.53
12.57,88.95,155.30,146.10
12.66,89.67,155.33,145.67
10.29,90.38,155.37,145.23
 8.66,89.60,158.40,147.80
 8.53,90.32,158.43,147.37
 8.39,91.03,158.47,146.93
 8.26,91.75,158.50,146.50
 8.13,92.47,158.53,146.07
 8.85,94.03,156.87,143.93
 9.36,95.40,155.60,142.20
10.18,97.07,153.73,139.87
 7.85,97.83,153.67,139.33
 7.54,98.15,154.50,139.70
 7.73,98.97,154.33,139.07
 5.63,97.48,158.77,143.03
 0.30,98.20,158.80,142.60
 1.41,100.17,156.33,139.67
 1.33,100.93,156.27,139.13
 1.25,101.70,156.20,138.60
 1.17,102.47,156.13,138.07
 1.08,103.23,156.07,137.53
 1.00,104.00,156.00,137.00
 1.43,104.07,155.57,136.93
 1.86,104.13,155.13,136.87
 2.30,104.20,154.70,136.80
 2.73,104.27,154.27,136.73
 2.08,104.33,153.83,136.67
 4.79,105.60,151.00,134.20
 3.66,105.62,150.67,134.23
 4.93,106.37,148.13,132.80
 5.04,106.35,147.90,132.90
 1.81,107.33,145.67,131.00
 1.14,106.32,147.43,133.10
 1.48,106.30,147.20,133.20
 1.81,106.28,146.97,133.30
 2.14,106.27,146.73,133.40
 2.48,106.25,146.50,133.50
 1.41,105.07,149.07,135.93
 1.19,104.48,149.93,137.17
 2.28,105.20,148.20,135.80
 2.71,105.27,147.77,135.73
 3.14,105.33,147.33,135.67
-1.56,104.80,148.10,136.80
-1.44,104.77,147.87,136.93
-0.17,105.88,145.33,134.77
-1.33,105.90,145.00,134.80
-0.95,105.92,144.67,134.83
-0.56,105.93,144.33,134.87
-0.17,105.95,144.00,134.90
 0.22,105.97,143.67,134.93
 0.61,105.98,143.33,134.97
 1.00,106.00,143.00,135.00
 0.95,106.02,143.00,135.03
 0.90,106.03,143.00,135.07
 2.20,107.40,140.30,132.40
 2.10,107.37,140.40,132.53
 2.00,107.33,140.50,132.67
 2.20,107.60,140.00,132.20
 2.15,107.62,140.00,132.23
 2.10,107.63,140.00,132.27
 2.05,107.65,140.00,132.30
 2.00,107.67,140.00,132.33
 1.95,107.68,140.00,132.37
 1.90,107.70,140.00,132.40
 1.85,107.72,140.00,132.43
 1.80,107.73,140.00,132.47
 1.75,107.75,140.00,132.50
 1.70,107.77,140.00,132.53
 1.65,107.78,140.00,132.57
 1.60,107.80,140.00,132.60
 1.55,107.82,140.00,132.63
 2.00,108.17,139.00,132.00
 1.90,108.15,139.10,132.10
 1.80,108.13,139.20,132.20
 1.70,108.12,139.30,132.30
 1.60,108.10,139.40,132.40
 1.50,108.08,139.50,132.50
 1.40,108.07,139.60,132.60
 1.30,108.05,139.70,132.70
 1.20,108.03,139.80,132.80
 1.10,108.02,139.90,132.90
 1.00,108.00,140.00,133.00
 1.05,107.15,140.03,133.80
 1.10,106.30,140.07,134.60
 1.15,105.45,140.10,135.40
 1.20,104.60,140.13,136.20
 1.25,103.75,140.17,137.00
 1.30,102.90,140.20,137.80
 1.35,102.05,140.23,138.60
 1.40,101.20,140.27,139.40
 1.45,100.35,140.30,140.20
 1.00,99.00,141.33,142.00
 1.00,98.10,141.47,142.90
 1.00,97.20,141.60,143.80
 1.00,96.30,141.73,144.70
 1.00,95.40,141.87,145.60
 1.00,94.50,142.00,146.50
 1.00,93.60,142.13,147.40
 1.00,92.70,142.27,148.30
 1.00,91.80,142.40,149.20
 1.00,90.90,142.53,150.10
 1.00,90.00,142.67,151.00
 1.00,89.10,142.80,151.90
 1.00,88.20,142.93,152.80
 1.00,87.30,143.07,153.70
 1.00,86.40,143.20,154.60
 1.00,85.50,143.33,155.50
 1.00,84.60,143.47,156.40
 1.00,83.70,143.60,157.30
 1.00,82.80,143.73,158.20
 1.00,81.90,143.87,159.10
 1.00,81.00,144.00,160.00
 1.13,81.18,143.67,159.67
 1.27,81.37,143.33,159.33
 1.40,81.55,143.00,159.00
 1.40,81.53,142.93,159.07
 1.25,81.42,143.17,159.33
 1.30,81.50,143.00,159.20
 1.35,81.58,142.83,159.07
 1.40,81.67,142.67,158.93
 1.45,81.75,142.50,158.80
-0.79,82.83,140.33,156.67
-0.62,82.87,140.27,156.63
-0.46,82.90,140.20,156.60
-0.29,82.93,140.13,156.57
-1.03,82.07,141.87,158.33
-0.71,82.25,141.50,158.00
-0.40,82.43,141.13,157.67
-0.09,82.62,140.77,157.33
 0.23,82.80,140.40,157.00
 0.54,82.98,140.03,156.67
 0.86,83.17,139.67,156.33
 1.17,83.35,139.30,156.00
 1.49,83.53,138.93,155.67
 1.80,83.72,138.57,155.33
 2.11,83.90,138.20,155.00
 1.18,82.83,140.33,157.17
 1.44,82.97,140.07,156.93
 0.21,81.60,142.80,159.70
 0.47,81.73,142.53,159.47
 0.74,81.87,142.27,159.23
 1.00,82.00,142.00,159.00
 0.61,82.06,142.23,158.67
 0.66,82.11,142.47,158.33
 0.33,82.02,143.00,158.30
 0.11,82.03,143.33,158.07
-0.11,82.03,143.67,157.83
-0.33,82.04,144.00,157.60
 0.60,83.20,142.03,155.07
 0.32,83.15,142.47,154.93
-0.40,82.66,143.80,155.70
 3.64,84.83,144.33,155.67
 5.63,91.83,139.80,149.93
 2.56,88.90,145.40,155.60
 1.17,87.98,147.63,157.27
 0.68,87.95,148.07,157.13
 0.19,87.92,148.50,157.00
-0.30,87.89,148.93,156.87
-0.79,87.86,149.37,156.73
-1.28,87.84,149.80,156.60
-1.77,87.81,150.23,156.47
-2.26,87.78,150.67,156.33
-2.75,87.75,151.10,156.20
-3.24,87.72,151.53,156.07
-3.73,87.70,151.97,155.93
-3.02,88.87,150.00,153.40
-2.21,90.14,147.83,150.67
 1.87,88.91,150.67,152.93
 1.65,88.93,151.00,152.70
 1.88,88.96,151.33,152.47
 1.44,88.98,151.67,152.23
 1.00,89.00,152.00,152.00
 0.98,89.60,152.03,151.27
 0.96,90.19,152.07,150.53
-0.26,89.54,154.50,152.30
-0.18,90.22,154.33,151.40
-0.10,90.90,154.17,150.50
 1.29,91.58,154.00,149.60
 5.70,91.10,156.13,151.00
 8.02,94.03,151.47,145.60
 8.04,94.66,151.40,144.80
 8.06,95.29,151.33,144.00
 8.08,95.92,151.27,143.20
 7.50,96.15,152.40,143.20
 6.62,95.90,154.13,144.17
 7.24,96.91,152.87,142.60
14.09,97.69,152.50,141.50
16.35,100.57,147.93,136.20
18.39,100.35,149.57,137.10
17.83,100.93,150.20,136.40
21.66,101.42,150.43,135.87
20.02,100.42,153.67,138.33
19.88,100.91,153.90,137.80
20.43,102.11,152.73,135.87
27.04,102.70,152.77,135.13
27.29,103.60,152.20,133.80
35.48,109.67,152.33,133.17
37.79,113.30,147.67,128.60
44.22,113.82,147.80,128.00
45.71,115.48,144.73,125.13
44.41,115.27,147.27,126.00
51.00,116.00,147.00,125.00
51.00,115.96,146.97,125.20
57.50,115.92,146.93,125.40
58.86,116.79,144.20,123.80
59.68,116.71,144.27,124.07
58.34,115.56,147.33,126.50
58.51,115.47,147.40,126.80
60.98,117.30,142.87,123.27
65.71,117.13,143.13,123.73
64.51,115.91,145.50,126.30
70.41,115.29,146.67,127.67
70.27,115.12,146.93,128.13
73.39,115.54,146.00,127.40
76.33,118.01,140.57,122.60
79.24,110.91,141.93,124.20
82.44,110.83,142.00,124.50
83.90,112.00,139.53,122.27
93.17,111.93,139.57,122.53
91.86,110.56,142.20,125.40
95.93,110.47,142.27,125.70
97.46,111.72,139.67,123.33
99.56,111.65,139.70,123.60
99.29,111.31,140.27,124.40
103.05,110.12,142.53,126.90
100.85,108.03,147.40,131.20
100.94,107.86,147.67,131.67
103.77,109.99,142.47,127.53
104.56,109.87,142.60,127.90
101.55,107.24,148.67,133.27
108.06,107.12,148.83,133.63
108.00,107.00,149.00,134.00
114.32,107.15,147.87,133.77
119.65,105.90,149.53,136.33
119.71,106.25,148.10,135.70
126.25,106.50,146.80,135.27
126.21,106.75,145.50,134.83
133.37,102.08,143.40,133.60
137.11,104.71,134.60,126.20
144.30,106.07,131.20,123.60
143.12,105.24,132.20,125.40
154.45,104.84,133.00,126.33
151.72,96.05,136.97,131.50
161.40,99.71,128.40,124.40
160.27,99.02,129.13,125.97
165.42,98.71,129.67,126.80
164.97,98.71,129.00,127.00
167.89,95.99,127.67,126.53
173.43,92.61,127.63,127.37
174.71,94.22,123.80,124.40
180.71,94.54,122.57,124.03
179.33,93.52,124.00,126.33
186.80,93.77,122.90,126.10
186.27,93.61,122.60,126.67
192.21,93.91,121.40,126.33
192.11,94.21,120.20,126.00
197.98,94.51,119.00,125.67
197.85,94.81,117.80,125.33
203.65,95.11,116.60,125.00
204.43,96.34,113.53,122.80
209.93,96.67,112.27,122.40
210.00,97.00,111.00,122.00
216.20,96.72,107.93,120.83
217.48,97.31,103.07,117.93
225.33,96.69,100.10,116.90
230.30,95.76,98.86,117.59
231.51,96.28,94.17,114.83
243.15,100.46,91.21,113.79
241.20,97.02,92.79,118.55
247.44,96.57,89.62,117.34
247.86,96.42,86.45,115.52
254.01,96.00,83.28,114.24
253.47,94.58,81.97,114.97
259.73,94.16,78.69,113.69
260.16,94.19,75.41,111.52
265.00,93.80,72.14,110.17
265.31,92.89,68.86,109.86
266.81,92.47,65.59,108.59
266.41,89.55,63.14,108.55
274.78,90.29,57.90,105.28
278.89,89.99,54.72,104.07
279.15,89.69,51.55,102.86
283.03,89.39,48.38,101.66
283.18,89.09,45.21,100.45
287.70,88.79,42.03,99.24
288.21,88.75,38.52,97.52
291.03,88.54,35.14,96.14
291.40,88.16,32.10,95.10
294.73,87.77,29.07,94.07
294.99,87.39,26.03,93.03
298.00,87.00,23.00,92.00
