 1.00,241.00,196.00,120.00
20.39,240.87,197.97,122.37
25.06,239.81,203.67,126.60
40.30,248.56,197.80,125.00
44.80,248.46,199.07,126.80
49.21,254.55,200.83,129.00
57.35,258.42,194.80,126.40
59.14,258.02,197.10,128.97
60.30,259.41,194.53,127.93
66.04,259.81,193.80,128.90
77.66,260.97,192.33,128.33
74.15,260.64,194.47,130.77
78.72,260.30,196.60,133.20
79.62,259.96,198.73,135.63
88.19,259.46,201.07,138.40
92.29,258.54,205.50,142.00
98.51,254.07,203.27,142.00
104.51,250.96,204.23,143.63
101.46,247.82,206.60,146.20
101.80,243.80,202.17,143.60
110.61,243.11,198.00,141.00
111.45,243.47,192.80,138.40
113.60,235.52,198.33,143.20
115.44,237.47,194.73,140.93
118.11,237.15,196.80,143.20
113.74,234.57,204.83,150.00
120.37,225.61,206.07,151.73
132.47,228.77,196.70,145.60
126.65,217.87,205.40,152.87
139.12,221.87,195.50,146.17
137.00,213.00,197.00,148.00
146.12,204.17,196.10,149.50
156.95,205.33,191.47,148.20
167.56,206.39,187.10,147.10
175.15,206.05,186.47,148.80
173.39,204.13,189.67,153.67
174.05,194.31,191.60,157.00
176.18,186.69,187.63,156.20
187.00,179.58,183.13,154.53
191.97,182.66,173.50,149.30
197.36,182.43,173.67,150.67
197.12,181.48,173.93,153.50
215.33,182.89,169.60,151.60
215.62,190.66,168.90,153.07
217.41,191.91,165.20,151.53
226.36,192.66,163.00,151.00
228.22,201.51,159.20,149.80
220.87,201.36,158.40,151.10
229.85,202.11,155.80,150.60
231.94,203.83,151.53,148.17
233.34,204.75,148.67,147.33
234.49,198.38,146.30,146.30
234.43,198.00,146.33,148.07
234.98,198.06,145.17,148.93
228.62,198.42,143.20,149.20
237.35,199.44,140.33,148.17
236.91,198.45,141.13,151.13
237.53,198.56,139.80,151.90
230.77,198.64,138.67,152.73
232.53,199.97,135.03,151.07
233.00,200.00,134.00,152.00
233.14,200.08,133.57,151.80
234.68,201.56,130.33,148.80
234.68,201.44,130.20,149.00
235.77,201.61,129.67,148.60
239.26,205.56,123.00,140.67
245.90,206.27,120.40,139.20
251.55,199.16,122.13,140.23
254.69,200.25,119.13,138.00
260.08,201.29,117.50,135.90
259.93,200.72,117.67,137.00
262.27,198.51,117.33,136.90
269.14,198.07,111.20,130.00
267.91,194.28,113.53,132.43
269.78,192.89,109.67,128.40
269.80,192.57,109.50,129.00
269.72,192.92,109.53,128.27
268.89,191.52,111.07,131.03
269.06,191.62,110.60,130.80
270.14,198.55,108.30,128.73
270.56,197.06,107.33,127.67
270.62,193.16,107.10,127.70
266.68,193.12,106.87,127.73
266.69,198.93,106.63,127.77
265.72,199.09,106.00,127.40
260.05,202.63,107.83,129.50
260.10,203.37,105.93,127.87
263.21,207.12,99.90,120.20
270.29,201.65,99.47,120.00
263.34,199.19,103.03,124.77
269.00,199.00,103.00,125.00
263.71,204.60,102.20,125.20
270.26,205.44,99.53,123.53
270.16,205.08,100.40,125.30
276.43,211.29,97.53,123.27
277.32,211.04,97.00,123.83
282.16,211.49,96.20,124.00
282.34,211.53,95.40,124.17
284.94,211.31,93.13,122.13
289.13,207.29,92.40,122.40
290.64,208.95,89.00,119.33
292.61,208.87,88.40,119.77
296.15,208.28,87.40,120.20
295.41,212.27,88.50,122.80
289.84,217.05,88.60,124.07
290.95,219.73,86.00,121.50
290.12,221.04,87.27,124.27
290.30,221.08,86.53,124.53
290.87,221.51,85.00,124.00
297.14,219.80,82.33,121.33
296.95,217.26,82.33,123.00
298.02,214.97,79.80,120.80
298.46,219.11,78.53,119.80
297.37,220.25,77.97,120.20
293.33,219.24,78.20,122.20
293.91,220.01,76.67,120.67
293.98,223.99,76.13,121.13
297.84,223.33,76.80,123.80
292.49,226.28,78.20,127.13
288.92,234.99,74.70,122.73
294.00,235.00,74.00,123.00
293.81,234.89,74.40,123.17
297.44,227.89,77.33,127.67
298.32,229.06,75.60,124.60
304.39,233.00,71.47,116.67
298.50,230.23,74.83,122.17
303.33,230.29,75.00,122.00
303.42,235.58,74.87,121.00
302.28,235.23,77.20,124.33
297.11,238.71,77.60,124.50
296.42,237.44,79.00,127.00
290.41,238.35,80.67,129.10
290.74,237.41,80.00,127.00
285.35,234.47,80.50,127.33
285.35,232.42,80.47,126.60
284.81,234.43,81.50,128.00
285.08,237.22,80.93,127.27
289.27,236.07,82.93,129.53
288.83,235.32,83.80,131.00
287.79,239.55,85.87,133.07
285.72,236.91,90.00,138.33
287.27,233.40,86.90,133.90
293.70,234.83,84.87,131.00
292.04,227.55,88.20,134.83
298.21,228.64,87.00,132.60
296.40,226.08,90.67,137.67
296.85,226.88,89.80,136.00
295.67,225.25,92.20,139.20
296.59,220.90,90.60,136.33
302.16,221.03,90.70,136.00
302.00,221.00,91.00,136.00
302.07,221.15,90.47,135.57
300.24,224.70,93.73,139.93
295.13,224.96,93.00,139.20
299.01,222.56,95.80,143.80
298.71,220.63,96.00,145.83
299.91,218.19,93.20,140.60
302.74,220.32,89.50,136.20
303.29,215.25,88.33,135.20
302.39,216.01,86.90,133.60
303.75,209.97,87.33,134.67
307.86,210.48,85.90,133.57
304.46,210.32,85.80,133.80
301.95,215.74,86.00,133.63
300.94,216.79,87.60,136.73
299.52,211.73,90.00,141.50
296.72,211.61,89.80,141.67
297.66,206.56,87.87,139.23
298.37,202.08,86.40,137.00
298.37,201.90,86.37,137.33
299.20,197.69,84.67,134.67
294.52,199.84,86.30,138.00
289.56,203.23,83.87,134.47
276.61,211.57,85.63,137.53
276.84,215.03,82.60,133.00
271.48,213.03,84.50,136.83
264.24,217.05,85.20,138.13
264.27,217.32,84.70,137.80
263.79,217.76,84.47,137.87
258.35,222.89,84.30,138.03
253.00,223.00,84.00,138.00
252.96,223.18,84.47,137.67
252.86,228.38,85.07,137.53
246.33,232.79,87.20,139.70
245.89,232.29,88.47,141.87
243.96,236.37,90.83,143.50
239.30,236.75,90.80,142.40
239.59,231.33,90.63,141.33
240.40,232.23,89.40,139.20
245.80,228.03,90.50,139.10
240.20,232.34,90.67,138.33
243.66,228.31,91.57,138.67
245.35,228.27,92.60,138.80
245.96,226.74,91.77,137.07
246.30,227.75,91.47,134.73
244.73,225.71,95.00,138.50
244.62,228.84,95.60,138.33
239.09,235.13,95.60,137.27
241.26,235.43,96.00,136.80
244.07,234.58,97.93,138.63
244.39,235.46,97.67,137.00
247.02,231.00,96.00,134.30
251.48,225.98,95.73,132.87
256.16,220.19,98.27,135.63
256.31,218.17,98.40,134.80
255.22,212.22,101.00,136.83
257.65,211.11,101.73,137.07
258.25,211.21,102.30,136.80
253.04,208.50,106.60,142.13
246.14,209.92,105.43,139.23
246.00,210.00,106.00,139.00
246.17,209.86,105.37,139.40
242.25,212.34,101.13,135.33
237.11,212.40,100.50,135.70
228.64,214.29,105.20,143.20
221.74,221.74,102.50,140.50
214.60,220.13,103.80,143.80
214.84,226.15,103.10,144.10
210.32,227.82,100.00,140.80
210.76,229.81,98.90,140.50
211.27,229.95,97.67,140.67
206.51,231.35,95.23,138.33
200.53,228.59,95.20,139.60
201.26,220.20,93.50,138.37
207.14,211.87,92.87,138.73
212.03,203.47,94.50,142.50
213.04,198.54,92.27,140.93
214.05,199.63,90.03,138.87
219.38,196.41,90.60,141.00
225.36,192.15,91.03,142.57
232.16,191.30,88.67,140.67
238.25,193.87,87.60,139.30
238.34,193.59,87.20,139.93
238.95,199.88,85.73,138.73
245.65,201.10,83.20,136.40
245.63,206.22,83.00,137.17
248.80,203.48,85.87,142.73
250.48,204.43,83.80,140.90
250.65,204.29,83.20,141.27
250.86,204.19,82.53,141.53
251.00,204.00,82.00,142.00
251.28,204.05,81.83,141.87
256.54,194.23,86.13,149.80
263.85,197.24,83.00,143.80
263.99,197.30,82.93,143.67
263.74,195.97,83.67,146.33
264.09,202.12,83.20,145.40
270.30,203.47,82.13,142.67
272.27,206.09,78.40,137.40
273.42,208.23,76.30,133.10
273.34,207.60,76.67,134.33
273.45,212.81,76.63,134.37
274.27,216.18,75.20,131.80
274.12,218.42,75.70,133.57
279.46,218.43,75.60,133.53
285.45,219.68,74.00,131.00
289.84,218.27,75.60,133.80
289.46,217.68,76.57,134.97
289.35,222.24,77.00,136.40
294.75,220.25,77.00,136.53
294.52,216.46,77.67,137.33
294.86,217.01,77.20,136.20
295.50,217.40,76.13,135.40
295.51,221.12,76.33,135.80
297.58,220.87,72.40,128.40
297.06,220.31,73.67,129.50
296.90,219.25,74.20,131.60
297.80,219.04,73.70,130.90
303.04,221.22,72.47,127.60
302.75,219.86,73.23,130.30
308.00,220.00,73.00,130.00
314.32,215.09,73.10,130.07
320.30,213.48,74.13,132.93
325.32,214.84,73.30,130.20
324.74,213.50,74.27,132.87
320.92,219.98,73.33,130.00
319.56,216.57,76.20,135.80
320.08,213.80,75.30,133.13
325.07,212.92,75.93,135.07
325.25,213.79,75.70,133.50
324.83,217.87,76.67,136.00
320.90,225.14,74.37,131.90
321.54,226.27,73.20,129.80
320.99,223.29,74.43,131.70
322.42,221.68,73.07,129.27
331.48,221.47,71.00,125.00
334.03,216.72,70.87,124.67
336.49,216.17,71.17,125.63
333.80,216.52,71.20,124.80
331.66,216.11,71.57,125.50
329.13,216.63,70.67,124.33
329.20,215.97,70.50,123.90
334.06,214.71,70.33,123.47
334.49,216.96,69.40,121.50
334.34,218.31,67.60,118.60
335.46,218.51,67.33,118.00
330.89,217.61,68.67,119.60
330.35,217.86,68.40,118.90
329.93,216.97,69.20,120.47
329.97,216.82,69.10,120.23
330.00,217.00,69.00,120.00
325.17,217.08,69.13,120.10
325.47,217.76,68.33,118.33
324.94,216.89,69.20,120.00
315.99,217.62,69.13,119.73
316.16,218.03,68.83,119.17
316.19,217.32,68.80,119.00
311.25,216.84,69.30,119.90
316.01,216.96,69.20,119.60
316.07,218.42,69.10,119.30
318.88,221.27,70.00,120.33
319.46,222.41,68.53,117.97
321.53,223.35,67.60,116.00
326.29,218.81,67.13,114.97
328.51,220.12,65.07,112.20
327.22,218.39,67.50,115.50
327.42,223.41,66.93,114.27
321.58,226.38,68.43,117.17
320.46,229.10,70.60,120.80
325.16,232.12,70.73,120.57
320.46,232.13,70.67,120.67
324.90,231.78,71.30,121.50
328.58,231.50,73.53,124.87
326.68,226.08,77.23,131.17
333.89,226.48,75.00,128.40
333.72,228.62,73.33,124.50
334.09,230.39,72.47,122.60
340.18,231.72,70.80,120.00
344.84,232.70,69.93,118.13
338.36,234.08,73.80,124.77
343.00,234.00,74.00,125.00
343.04,233.98,73.90,124.87
342.62,226.35,74.73,127.53
348.06,222.85,73.70,124.60
351.75,217.63,74.00,125.13
351.20,212.85,73.50,124.33
351.66,211.65,74.20,126.60
347.00,212.04,73.60,125.67
347.76,210.15,72.13,122.07
347.75,210.13,72.20,122.30
342.56,212.84,73.00,123.67
335.32,216.81,74.07,125.60
336.44,215.86,71.60,121.40
331.73,217.08,70.13,119.13
323.13,218.66,68.60,116.13
322.87,216.07,69.00,117.00
318.01,215.51,69.47,118.00
313.32,215.44,69.43,118.00
313.29,215.58,69.40,117.60
313.33,213.88,69.20,117.30
313.55,210.54,68.67,116.67
317.73,206.65,69.50,118.10
312.59,205.64,70.33,119.87
317.72,205.24,69.40,118.10
317.76,205.43,69.20,117.80
316.55,199.74,71.50,121.67
316.17,198.31,72.13,123.00
316.23,198.51,71.90,122.70
317.55,200.84,69.13,118.13
318.01,201.89,68.10,116.13
318.00,202.00,68.00,116.00
318.00,202.09,67.97,115.77
318.43,202.76,67.07,113.80
317.99,201.84,67.90,115.30
317.99,201.79,67.87,115.07
317.90,201.57,68.00,115.17
318.38,202.49,67.00,113.00
316.72,194.81,70.30,118.67
321.56,190.41,69.93,117.80
322.25,185.83,69.80,117.40
323.36,190.60,67.67,113.67
321.32,191.03,68.63,115.43
318.03,195.00,69.20,116.60
316.20,195.25,69.27,115.80
311.76,195.23,68.73,115.53
312.06,195.84,68.00,114.00
307.65,196.36,67.60,112.67
303.28,196.14,67.47,112.80
303.00,195.69,68.00,113.40
302.97,195.52,68.03,113.43
302.47,194.58,69.00,115.00
302.50,191.54,68.90,114.80
302.70,191.68,68.47,113.93
303.41,196.09,67.03,111.07
304.01,197.17,65.80,108.60
304.81,198.57,64.17,105.50
304.14,193.62,65.47,108.07
304.46,193.48,64.80,106.80
308.83,193.72,64.47,106.07
308.95,193.91,64.17,105.43
309.00,194.00,64.00,105.00
309.02,198.14,64.10,105.07
304.86,198.10,64.21,105.14
304.43,197.17,65.21,107.00
308.81,197.30,65.14,106.72
305.42,193.24,65.00,106.31
309.23,193.51,64.59,105.76
310.32,193.61,64.52,105.55
314.10,194.71,63.45,103.34
310.49,195.50,62.69,101.76
310.58,195.57,62.66,101.62
314.47,195.01,63.24,102.72
315.07,196.11,62.17,100.52
315.17,192.21,62.10,100.31
314.77,193.74,63.03,102.10
319.27,196.55,62.41,100.79
318.74,195.82,63.59,102.17
319.56,196.88,62.07,99.97
319.39,196.42,62.52,100.79
319.84,193.17,61.72,99.14
319.80,192.97,61.93,99.48
323.52,188.37,62.55,100.66
323.72,188.69,62.24,99.97
323.39,187.95,63.00,101.41
321.90,187.13,64.66,103.00
318.46,187.11,64.72,103.00
319.37,187.98,63.00,101.21
320.31,189.78,61.21,97.55
319.92,188.93,62.07,99.21
320.00,193.00,62.00,99.00
