470.00,308.00,43.00,30.00
470.05,307.91,42.97,30.00
470.17,308.01,42.80,29.87
470.26,307.79,42.70,29.90
469.23,308.22,41.73,28.87
470.74,305.86,42.67,29.83
472.68,305.80,42.40,29.80
471.86,305.35,44.07,30.53
471.36,307.44,42.47,29.73
472.88,309.30,42.10,29.40
472.09,311.33,41.33,28.67
471.89,310.76,41.90,29.63
471.61,310.48,42.60,30.00
471.05,308.16,43.87,30.87
473.25,307.85,41.47,29.47
472.75,306.65,42.50,30.00
471.98,306.51,44.07,31.07
474.46,309.41,41.30,28.87
473.28,308.06,41.80,29.40
473.39,309.55,41.63,29.63
474.86,308.65,42.33,30.00
473.08,307.13,42.40,30.40
475.51,309.42,40.27,28.27
474.72,307.31,42.00,29.77
474.81,308.62,42.00,29.80
476.09,309.39,40.17,28.17
476.14,309.42,40.13,28.00
477.80,309.58,39.90,27.90
476.87,308.45,41.93,29.93
476.92,310.06,42.00,29.97
477.00,310.00,42.00,30.00
476.84,309.87,42.20,30.17
476.69,307.94,42.40,30.33
476.53,305.98,42.60,30.50
476.38,305.84,42.80,30.67
476.14,307.19,43.17,30.83
475.07,308.41,45.20,32.00
475.41,308.82,44.40,31.93
473.36,308.71,44.60,32.07
473.40,308.17,44.40,31.80
472.87,306.41,45.33,32.67
471.87,306.59,44.93,32.20
472.61,306.24,45.60,32.80
469.59,305.79,47.47,33.60
469.42,307.40,47.67,34.27
469.18,308.16,48.00,34.50
467.38,309.66,47.33,33.73
467.12,307.49,47.67,33.97
465.71,305.06,48.80,34.60
465.37,303.33,49.43,35.17
464.89,302.79,50.33,36.00
461.99,304.61,50.90,36.50
463.49,304.42,51.13,36.67
461.37,305.70,51.90,37.37
458.94,303.33,52.20,37.60
459.14,301.34,51.67,37.00
458.68,301.43,51.93,37.20
455.74,302.91,53.30,38.50
455.10,302.24,54.53,39.60
450.72,302.44,53.80,38.83
450.00,300.00,54.00,39.00
447.37,297.82,54.20,38.87
442.52,296.67,54.53,38.80
439.92,294.66,54.80,38.70
437.63,297.15,54.47,37.87
431.53,296.26,57.50,40.50
431.29,296.91,56.80,39.40
428.45,298.77,57.33,39.53
424.64,298.22,59.60,40.67
420.44,294.72,62.50,42.20
417.57,294.99,62.33,41.67
416.58,290.07,63.93,42.53
413.09,288.61,62.40,41.20
409.60,291.02,63.90,41.70
406.81,291.05,63.87,41.73
400.10,290.21,66.50,43.50
399.30,291.34,64.20,41.33
392.34,288.05,66.53,42.73
388.39,287.96,67.20,43.00
384.78,288.46,66.70,42.10
378.42,288.56,68.33,42.00
372.30,288.30,69.40,42.60
367.58,287.88,71.53,43.53
361.36,287.96,71.97,43.47
354.47,287.54,72.60,43.60
349.11,288.12,71.33,42.67
343.64,289.04,69.33,41.80
337.11,289.11,69.70,41.70
329.75,289.25,71.67,41.47
324.08,287.94,75.67,44.13
317.00,291.00,76.00,44.00
310.96,291.07,76.13,44.13
308.67,291.86,73.47,42.40
301.08,290.84,76.60,44.50
297.17,290.79,76.80,44.67
292.44,287.77,78.67,45.67
287.79,291.05,76.00,44.00
283.53,290.36,78.23,45.47
277.32,289.73,79.80,46.80
276.67,289.53,79.20,46.20
272.31,288.69,81.33,48.00
268.68,285.53,82.10,48.10
265.41,288.68,82.00,48.40
264.96,285.37,82.73,48.73
261.50,288.61,82.93,48.93
257.88,288.39,83.50,49.50
255.18,287.88,85.73,50.67
252.75,287.79,86.67,50.97
248.53,287.54,87.40,51.60
246.72,287.33,88.43,52.17
245.57,287.98,86.00,51.00
245.16,288.55,84.60,50.00
242.69,288.38,84.73,50.47
243.20,288.92,83.53,49.53
240.59,286.07,82.00,48.80
238.49,286.96,79.50,47.17
237.21,283.55,81.87,48.73
235.69,282.37,84.70,50.70
236.97,283.09,81.93,48.87
236.89,280.04,81.90,48.90
240.00,280.00,82.00,49.00
240.29,279.64,81.90,49.40
244.55,279.72,79.80,48.80
251.28,276.62,79.40,48.90
250.67,275.95,80.93,50.07
254.10,274.94,81.17,50.83
260.67,274.06,83.00,52.20
267.02,277.14,82.37,52.33
274.38,278.23,81.07,51.60
283.24,280.51,80.10,51.50
289.60,280.41,79.00,51.33
294.16,277.70,79.97,52.20
298.33,279.79,78.40,51.80
304.07,276.12,75.10,50.03
307.65,272.51,75.27,50.73
314.13,269.10,75.00,51.00
325.18,271.14,73.60,50.67
328.20,269.20,73.90,50.97
335.42,268.03,72.20,50.40
337.83,265.04,71.40,50.17
342.30,262.90,71.00,50.33
349.51,264.03,69.90,49.80
355.57,263.11,70.93,51.40
358.37,273.15,71.63,52.13
366.83,278.74,69.80,51.60
375.71,284.66,69.50,51.83
381.90,289.98,70.93,52.93
389.68,296.76,68.00,51.40
393.66,299.28,67.67,51.60
397.67,296.22,67.40,51.83
401.00,293.00,67.00,52.00
404.18,293.24,67.30,51.73
411.08,296.40,67.60,51.47
414.51,302.17,68.80,52.10
421.09,309.54,68.20,50.93
424.24,312.73,68.50,50.67
424.51,310.45,69.20,50.60
423.43,309.14,72.10,52.13
424.89,304.27,69.93,50.13
425.74,298.78,73.30,51.90
432.94,297.46,71.67,50.67
437.30,297.61,72.93,50.70
441.99,300.99,74.20,51.40
450.42,304.38,74.47,51.10
457.42,307.79,75.33,50.87
462.42,312.02,75.50,50.50
471.41,309.72,74.27,49.20
479.76,307.48,76.67,50.47
488.38,309.95,75.80,49.40
497.30,309.36,78.87,50.83
507.10,313.24,80.67,51.33
518.82,317.27,78.90,49.90
524.99,319.17,81.73,51.07
536.72,320.62,80.27,49.93
547.70,317.94,80.00,49.00
558.20,317.52,81.83,50.00
568.94,317.76,82.13,49.67
582.90,321.18,82.60,49.50
598.50,325.52,80.33,47.53
609.67,327.47,85.47,50.13
624.00,331.00,86.00,50.00
634.26,334.74,86.73,49.67
648.31,338.87,85.60,48.40
654.14,342.21,88.40,49.10
663.50,342.11,91.60,49.80
666.52,344.91,93.67,50.50
673.73,342.40,94.60,50.20
678.86,342.03,98.60,51.43
681.05,342.10,100.87,51.80
685.80,342.49,101.80,51.50
689.64,337.94,105.67,53.33
691.72,338.48,106.13,52.77
697.57,335.32,105.80,51.80
702.01,332.42,105.93,50.50
706.23,331.40,105.53,49.53
709.07,329.62,107.00,49.50
709.04,331.25,106.60,48.53
712.72,331.69,107.20,48.07
715.54,332.23,105.60,47.40
718.38,332.70,107.87,46.87
723.67,330.86,105.67,46.00
729.35,334.62,102.70,43.80
726.22,330.64,108.73,45.00
733.18,329.13,103.43,42.73
740.37,330.69,97.40,39.80
743.73,330.15,98.83,39.83
746.91,326.56,99.07,39.27
749.16,327.03,101.10,38.70
748.05,323.91,103.13,39.00
747.33,328.52,97.77,36.57
747.00,329.00,98.00,36.00
742.54,326.32,97.27,36.70
746.43,324.18,92.60,36.33
745.29,318.44,91.70,36.90
744.76,316.10,89.60,36.93
746.51,316.27,86.50,36.83
746.21,313.57,80.40,35.20
744.51,310.64,79.07,36.30
745.23,308.81,75.93,35.20
743.22,310.27,77.20,36.80
742.35,303.62,74.00,36.33
744.70,300.63,73.80,37.17
738.87,295.75,72.80,37.80
736.63,296.46,74.30,40.00
733.57,292.21,74.40,41.00
732.79,290.75,76.00,42.50
729.51,288.45,76.00,43.47
712.59,288.67,79.43,47.00
702.99,286.76,80.20,48.00
694.60,280.91,81.47,50.00
687.26,275.99,80.67,50.67
675.32,269.50,82.00,52.40
665.98,267.28,81.47,53.47
649.06,263.12,84.00,55.53
631.70,262.91,84.80,58.20
609.53,262.20,86.67,60.17
589.92,262.78,86.60,61.33
563.93,262.26,90.30,65.20
544.95,267.23,90.40,66.40
519.21,266.41,86.83,64.80
495.00,268.00,87.00,66.00
465.16,268.05,90.00,66.47
437.67,271.17,91.13,66.00
409.04,270.66,96.00,67.40
382.42,270.62,99.00,67.87
356.06,270.24,103.00,69.00
331.41,270.23,105.80,69.40
312.35,273.72,106.47,68.50
287.64,272.20,112.87,71.67
268.39,271.60,117.50,73.00
253.51,271.67,119.00,73.00
235.29,271.27,122.97,73.93
219.54,270.40,128.40,75.80
207.35,271.14,128.23,74.47
192.87,271.34,129.80,74.20
180.71,273.26,132.50,74.50
165.96,272.11,138.00,76.67
154.96,271.96,140.50,76.83
144.60,271.81,143.00,77.00
134.88,271.66,145.50,77.17
125.41,271.17,148.67,78.00
115.19,270.56,154.50,79.10
108.46,270.54,154.60,79.00
100.25,270.35,157.37,79.23
95.36,271.10,157.20,77.60
89.93,271.09,159.33,77.50
83.81,270.20,164.07,79.13
81.14,270.95,163.80,77.50
77.47,270.97,165.87,77.33
74.38,270.95,168.00,77.23
72.00,271.00,170.00,77.00
71.45,269.90,165.70,77.30
71.16,268.79,161.40,77.60
69.35,267.59,157.20,78.10
66.70,265.01,159.00,81.33
69.55,263.27,154.67,81.83
67.09,261.22,152.60,83.80
64.63,260.01,148.03,84.10
61.58,259.20,143.20,83.60
63.15,256.53,136.50,83.00
67.15,254.28,132.00,83.33
66.43,252.52,125.70,84.13
71.97,264.09,121.00,83.80
72.09,263.60,116.67,84.20
68.43,263.64,110.73,83.53
64.25,262.61,107.00,85.00
59.88,261.52,103.33,86.60
54.86,261.06,99.90,86.93
49.61,259.94,96.20,88.60
46.26,261.56,91.93,89.13
40.40,263.41,87.67,89.67
37.18,264.48,82.00,87.40
32.46,262.75,79.13,90.73
28.48,263.19,74.10,89.73
23.96,262.89,69.80,90.20
19.23,262.59,65.50,90.67
17.18,265.21,61.20,91.13
14.23,263.22,58.70,95.20
 9.31,267.20,53.53,93.93
 3.32,266.13,50.23,96.40
 1.00,266.00,46.00,97.00
-1.82,266.62,52.57,97.30
-0.95,267.31,58.80,97.47
-0.16,267.96,65.20,97.70
 4.05,269.49,70.73,96.20
 4.29,269.27,78.00,98.17
 6.59,265.21,87.00,102.00
11.62,274.69,93.90,101.10
11.20,275.99,97.93,100.33
18.40,281.83,102.30,100.70
22.51,278.69,112.00,103.33
26.94,280.99,118.23,100.30
29.48,284.92,127.40,102.60
36.60,286.32,131.37,100.90
42.35,289.54,135.60,100.27
44.98,293.81,142.00,100.50
43.38,301.58,148.40,100.73
39.35,303.41,156.77,100.37
37.34,294.51,164.20,102.40
35.09,289.46,168.70,103.63
36.59,288.93,172.00,103.00
37.83,291.39,175.30,101.50
37.43,287.00,177.33,99.33
37.12,287.24,183.17,99.17
33.82,285.94,193.00,100.60
34.35,290.75,195.17,99.50
32.95,291.73,201.20,99.73
31.25,295.48,207.00,99.60
34.20,298.22,205.13,95.13
31.07,297.58,214.37,96.37
30.00,298.00,220.00,96.00
33.17,290.48,217.03,95.70
43.13,293.51,201.93,89.80
45.72,292.74,203.00,91.50
51.08,292.90,200.33,91.33
58.52,294.72,194.67,89.67
69.91,296.51,184.80,86.60
74.87,301.29,187.87,88.37
84.18,303.14,183.00,87.93
93.06,311.03,180.50,87.80
100.39,311.21,179.00,88.33
109.82,314.31,174.07,87.00
117.32,315.54,169.40,85.80
123.12,315.92,168.13,86.30
129.43,320.40,165.87,86.07
131.88,322.72,166.00,87.50
139.44,324.01,160.87,86.07
141.58,324.12,160.47,87.00
142.78,325.89,161.20,88.80
142.35,328.78,162.47,90.90
143.98,329.32,160.33,91.00
142.92,331.19,160.80,92.80
146.06,333.54,153.87,89.73
147.03,334.84,148.73,87.70
153.84,330.77,142.20,84.80
153.58,334.92,141.17,85.83
158.53,336.55,138.00,85.53
163.15,336.90,135.50,85.40
167.90,337.32,132.73,85.13
172.45,337.64,130.37,85.07
177.00,334.00,128.00,85.00
177.03,328.73,128.17,85.10
177.05,328.38,128.33,85.20
180.61,324.41,126.10,83.60
184.47,323.50,129.07,85.53
186.63,326.07,136.00,89.83
184.96,320.15,139.40,92.20
191.40,320.73,137.87,91.17
190.21,318.39,140.33,92.80
190.76,314.69,139.30,92.10
193.64,313.26,137.67,91.00
194.20,313.33,137.03,90.57
197.55,313.06,137.40,90.80
204.28,313.51,135.33,89.60
209.07,309.91,137.07,90.73
215.37,313.01,136.00,90.00
220.92,312.75,136.33,90.20
228.74,313.64,133.83,88.13
235.80,317.50,131.00,86.80
247.43,319.62,124.27,82.63
257.17,320.30,123.00,81.33
264.23,317.10,122.40,80.70
270.94,315.58,126.67,83.47
276.60,315.41,126.83,83.53
283.81,310.00,133.80,87.80
291.09,310.52,131.00,86.67
302.83,305.64,129.93,85.47
317.80,312.34,124.30,82.60
329.36,313.13,122.87,80.93
344.49,313.08,122.83,80.93
356.00,313.00,123.00,81.00
368.27,312.93,122.10,80.93
378.45,306.74,123.20,82.87
386.11,308.15,118.50,79.00
391.02,302.67,119.40,80.73
393.39,303.48,116.83,79.00
394.50,303.52,115.60,78.80
393.68,307.61,116.23,80.30
388.04,313.67,111.07,77.47
379.02,313.30,110.80,78.00
368.30,313.53,109.33,77.33
353.91,313.65,108.10,76.90
339.10,314.20,106.00,75.60
320.01,313.55,106.30,76.70
299.81,313.50,105.40,76.60
279.55,313.45,104.50,76.50
259.22,313.40,103.60,76.40
240.59,313.35,102.70,76.30
227.14,313.30,101.80,76.20
211.42,313.30,100.80,76.00
202.83,313.20,100.00,76.00
195.23,312.65,100.70,76.90
188.02,312.33,100.27,77.33
183.39,311.13,99.23,77.17
179.92,312.30,98.20,77.00
181.45,309.37,94.33,74.00
178.94,309.26,93.53,74.07
176.73,309.77,90.60,72.90
177.82,309.85,89.40,72.60
175.05,309.92,88.20,72.30
176.00,310.00,87.00,72.00
175.31,310.14,87.60,71.93
170.84,310.25,88.33,71.93
169.81,310.37,89.00,71.90
165.62,310.49,89.67,71.87
161.14,310.70,90.00,71.67
160.55,306.78,90.60,71.60
160.97,307.41,89.20,70.53
160.22,304.07,90.13,69.53
159.85,304.26,90.30,69.30
163.55,304.49,90.33,69.00
163.97,305.25,88.97,67.63
166.02,305.55,88.80,67.20
166.82,301.43,89.97,67.87
169.90,301.76,91.13,67.33
172.99,301.00,93.50,69.00
178.76,301.03,94.27,69.07
181.59,296.69,96.17,69.70
185.85,297.08,95.40,69.00
189.73,297.13,96.03,69.00
196.49,294.09,94.00,67.00
199.53,292.84,95.30,67.30
202.69,293.89,96.47,67.53
210.47,294.06,96.57,67.23
214.69,293.35,97.20,67.20
222.40,293.93,96.17,66.33
225.54,294.17,98.47,67.13
232.86,294.21,99.10,67.10
237.80,294.04,99.60,67.00
246.41,298.82,98.37,66.03
255.00,299.00,99.00,66.00
264.34,302.98,99.03,66.17
278.89,305.56,95.20,63.47
290.06,308.26,97.10,65.50
298.34,311.76,99.13,66.67
305.95,311.24,100.83,67.67
315.51,308.38,98.80,66.80
319.87,307.08,100.30,67.70
324.86,303.26,98.73,67.07
329.73,299.46,97.30,66.50
333.95,296.45,98.00,67.00
339.81,293.15,95.90,65.73
343.64,291.32,97.80,67.20
351.15,291.99,95.70,65.87
358.44,288.83,93.47,64.33
363.92,288.49,94.50,65.00
369.52,288.93,92.47,64.13
373.59,292.75,92.43,64.27
377.43,292.59,92.80,64.60
382.11,292.62,92.37,64.53
387.95,297.73,88.67,62.00
389.11,297.54,88.90,62.40
391.21,296.78,90.27,63.93
395.45,296.72,90.23,64.07
400.51,296.82,88.40,62.40
409.11,298.43,85.50,60.67
413.34,298.33,85.67,60.87
419.83,297.88,87.30,61.80
427.33,297.85,87.20,61.87
436.70,302.01,85.17,60.97
445.00,302.00,85.00,61.00
456.68,301.89,85.34,61.10
464.03,305.44,85.55,61.14
474.03,305.31,87.62,62.10
486.03,309.06,85.69,61.00
494.84,310.00,84.55,60.34
506.46,314.61,82.48,58.03
513.96,313.83,83.93,59.48
524.32,314.83,83.83,59.45
533.51,318.64,81.17,56.62
540.59,321.49,82.79,57.72
548.13,321.37,83.17,57.90
556.21,322.93,83.31,57.83
563.29,322.99,83.59,57.90
569.80,323.55,82.38,56.97
576.77,321.75,82.62,57.03
584.04,321.96,82.31,56.55
588.45,323.54,81.76,56.41
591.91,323.50,82.72,56.62
599.12,321.05,82.66,57.03
604.03,320.30,81.31,56.24
607.18,320.35,82.17,56.28
611.43,320.42,82.28,56.24
615.95,321.00,80.59,55.21
619.53,321.66,80.66,55.17
623.58,321.98,80.00,54.41
624.68,325.39,78.21,53.41
626.79,321.54,80.93,55.14
629.36,321.00,82.97,56.10
633.00,321.00,83.00,56.00
633.54,320.66,84.07,56.27
637.32,320.32,85.13,56.53
637.84,320.03,86.00,56.70
643.50,318.23,82.27,54.20
643.14,317.65,84.67,55.17
646.37,317.53,85.20,55.20
645.52,313.91,88.37,56.93
646.98,317.02,86.93,55.60
646.98,316.67,88.40,56.10
647.25,316.46,89.33,56.33
647.52,316.25,90.27,56.57
647.79,316.04,91.20,56.80
648.06,315.83,92.13,57.03
648.80,315.86,92.13,56.80
649.10,315.66,93.00,57.00
649.40,315.47,93.87,57.20
649.14,314.99,95.87,57.97
649.41,310.95,96.80,58.20
649.68,314.57,97.73,58.43
650.61,310.81,97.33,58.00
650.22,314.09,99.60,58.90
652.55,311.25,96.40,56.47
652.17,309.92,98.63,57.30
651.83,309.16,100.80,58.80
650.46,308.77,105.00,60.67
649.40,308.08,108.60,61.80
655.05,308.16,107.30,61.40
658.07,309.74,102.80,58.00
661.55,311.07,97.60,55.10
662.00,311.00,98.00,55.00
