97.00,103.00,17.00,33.00
99.40,104.15,17.13,33.10
100.60,104.13,17.27,33.13
100.59,101.27,17.40,33.40
100.58,101.45,17.53,33.40
100.57,101.94,17.67,32.50
99.32,101.65,17.80,32.60
97.52,101.48,17.93,32.93
95.18,101.28,17.33,33.33
93.53,100.77,18.20,33.50
91.30,99.09,18.33,34.33
92.06,99.21,18.47,34.10
89.74,98.87,18.60,35.20
86.75,98.02,18.73,35.30
83.23,98.16,18.87,34.93
81.09,97.74,19.00,34.50
78.30,98.25,19.13,34.60
78.27,98.16,19.27,34.70
78.23,99.61,19.40,34.80
78.20,99.53,19.53,34.90
77.77,100.90,19.67,35.00
76.43,102.87,19.80,35.10
75.41,104.18,19.93,34.93
75.36,106.04,20.07,35.30
78.04,107.31,20.20,35.40
79.38,105.57,20.33,35.50
82.10,106.84,20.47,35.60
83.60,109.50,20.60,35.80
82.06,107.98,20.73,35.80
79.27,106.52,20.87,35.90
81.00,111.00,21.00,36.00
87.77,118.38,20.90,35.90
101.16,115.63,20.80,35.80
115.14,111.51,20.70,35.70
124.15,112.78,20.60,35.60
131.42,111.62,20.50,35.50
135.89,110.04,20.40,35.40
138.62,110.36,20.30,35.30
143.39,111.78,20.20,35.20
145.14,113.44,20.10,35.10
146.12,115.11,20.00,34.67
149.22,116.37,19.90,33.90
154.02,117.68,19.80,33.80
156.31,117.92,19.70,34.27
155.02,118.80,19.60,33.60
157.11,119.11,19.50,33.50
159.36,118.46,18.87,33.40
160.37,119.57,19.30,33.73
162.36,119.63,19.20,33.60
164.93,118.58,19.10,33.10
167.33,117.35,19.00,33.00
168.88,117.47,18.60,33.60
171.69,117.32,18.80,33.80
174.06,117.38,18.70,32.93
175.44,117.14,18.40,33.40
176.74,116.53,18.33,32.50
177.92,115.58,18.40,33.27
179.23,116.64,18.30,33.30
179.15,117.98,18.20,33.13
177.98,117.99,18.10,33.07
178.00,118.00,18.00,33.00
180.56,119.24,18.03,33.03
180.57,119.30,18.07,33.07
178.99,119.18,18.10,33.10
177.72,120.56,18.13,33.13
179.01,120.61,18.17,33.17
177.74,120.62,18.20,33.20
173.67,119.43,18.23,33.23
171.04,116.81,18.27,33.27
171.04,115.22,18.30,33.30
174.78,116.08,18.33,33.33
175.10,117.33,18.37,33.37
176.38,115.77,18.40,33.40
179.71,115.54,18.43,32.87
182.41,115.26,18.47,33.47
184.17,114.31,18.50,33.50
183.67,114.29,18.53,33.53
184.94,114.28,18.57,33.57
186.22,114.27,18.60,33.60
183.98,114.25,18.63,33.63
184.80,115.11,18.67,33.67
186.70,114.23,18.70,33.70
187.96,114.22,18.73,33.73
188.93,115.35,18.77,33.77
190.55,115.61,18.80,33.80
192.89,116.66,18.83,33.83
195.94,115.98,18.87,33.00
195.04,117.07,18.00,33.10
192.01,116.73,18.93,34.00
193.34,117.97,18.97,34.00
192.00,118.00,19.00,34.00
187.84,118.01,18.97,33.97
186.21,120.61,18.93,33.93
186.24,121.92,18.90,33.90
186.27,125.21,18.87,33.00
184.68,123.69,18.83,33.83
184.71,125.16,18.80,33.00
187.62,126.43,18.77,33.00
190.48,124.75,18.73,33.73
194.69,124.74,18.70,33.70
195.13,126.36,18.67,33.00
191.93,127.31,18.63,33.63
188.67,128.59,18.60,33.60
188.67,129.14,18.57,33.57
190.54,129.44,18.53,33.00
192.50,128.18,18.50,33.00
192.49,128.20,18.47,33.00
193.21,127.28,18.43,33.43
195.24,125.48,18.40,33.40
198.61,122.95,18.37,33.37
202.08,122.31,18.33,33.00
204.94,121.90,18.30,33.00
206.00,120.99,18.00,33.00
206.19,119.70,18.23,33.00
209.08,119.68,18.00,33.00
213.35,118.25,18.17,33.17
215.51,119.60,18.13,33.00
214.27,119.83,18.10,33.10
213.20,120.32,18.07,32.13
211.55,121.42,18.03,33.03
210.00,123.00,18.00,33.00
208.16,123.11,17.80,32.13
206.41,123.32,17.60,31.27
207.19,124.63,17.40,30.40
205.65,124.67,17.20,29.53
206.53,123.45,17.00,28.67
206.25,123.59,16.80,27.80
203.40,124.51,16.83,27.70
204.56,127.55,16.67,26.80
202.24,127.76,16.50,25.90
202.37,126.57,16.67,25.00
199.72,127.85,15.80,24.10
197.91,124.56,15.60,23.20
194.86,124.29,15.97,23.43
197.54,122.76,16.27,22.47
197.86,120.43,16.00,21.50
197.44,119.94,15.73,21.00
201.55,119.30,15.47,20.00
206.64,118.32,15.20,19.00
205.98,117.97,14.93,18.00
204.44,119.44,14.67,17.00
205.16,120.49,14.40,16.00
205.31,120.82,14.40,15.27
205.47,123.07,14.10,14.47
206.31,124.85,14.00,13.80
208.93,126.15,13.67,12.67
211.92,126.19,13.33,11.53
216.15,126.73,13.10,10.60
218.31,128.87,12.80, 9.47
216.18,130.95,12.40, 8.23
212.00,133.00,12.00, 7.00
207.09,134.52,12.30, 8.03
203.32,135.60,12.60, 9.07
201.41,136.20,12.80,10.00
201.61,136.10,13.07,10.87
202.89,136.41,13.33,12.00
200.27,137.04,13.60,13.00
195.14,137.98,13.87,13.77
190.68,138.71,14.13,15.00
187.29,138.41,14.40,15.70
184.18,138.13,14.33,16.33
184.63,135.54,14.57,17.27
185.37,132.82,14.80,18.20
188.60,133.69,15.03,19.13
188.60,133.42,15.27,20.07
188.37,132.53,15.50,21.00
188.61,133.89,15.73,21.93
188.12,136.18,16.53,23.43
186.67,135.97,16.80,24.40
184.17,136.19,17.07,25.37
185.11,137.08,18.00,27.00
186.42,136.91,17.60,28.00
182.43,137.06,17.87,29.00
178.88,140.03,18.90,30.00
180.19,142.79,19.20,31.80
177.37,141.46,19.50,32.83
173.89,142.68,19.80,33.87
173.87,144.26,20.10,34.90
169.05,145.65,20.40,35.93
162.10,147.06,20.70,36.97
162.00,150.00,21.00,38.00
160.57,151.49,20.90,37.90
155.86,151.04,20.80,38.73
155.68,152.57,20.70,38.60
155.84,154.45,20.60,38.33
154.44,155.03,20.50,37.50
154.15,157.31,20.40,38.20
152.43,159.43,20.30,37.30
149.31,160.97,20.20,37.20
143.28,161.69,20.10,37.80
142.90,162.01,20.00,37.67
143.15,161.29,19.90,37.17
144.81,161.18,19.80,37.40
147.63,160.70,19.70,37.27
147.40,162.51,20.07,37.60
141.15,163.05,20.00,38.00
137.83,163.05,20.47,37.93
139.02,163.33,20.87,38.87
141.45,164.81,20.80,38.80
138.21,165.40,20.73,38.73
132.61,166.91,20.67,38.00
127.95,169.10,20.60,38.60
124.97,169.54,20.53,38.53
122.39,170.22,20.47,39.23
119.06,170.79,20.40,38.40
117.52,172.44,20.50,38.50
116.10,173.90,20.40,38.40
114.38,175.19,20.30,38.30
114.39,175.34,20.20,38.27
114.40,175.39,20.10,38.10
113.00,174.00,20.00,38.00
112.93,172.67,20.17,37.87
114.31,169.88,20.33,37.80
115.67,169.91,20.50,37.60
115.63,169.96,20.67,37.47
113.86,167.41,20.83,37.33
114.95,165.14,21.00,37.20
117.72,163.65,21.17,37.30
120.86,163.28,21.33,37.20
122.22,160.73,21.50,37.10
123.58,158.24,21.67,37.00
126.39,155.76,22.57,37.27
125.86,155.40,22.40,36.80
122.91,152.90,23.03,36.57
125.98,149.70,23.27,37.07
131.68,150.70,23.00,36.50
129.94,147.83,23.20,36.40
126.21,146.32,22.83,35.73
124.71,146.00,23.00,35.20
121.52,142.24,23.17,35.10
119.63,140.56,23.33,35.00
119.55,142.22,23.50,34.50
119.61,140.53,23.40,34.80
117.33,136.93,23.83,34.70
114.34,135.12,24.00,34.80
117.23,134.88,24.17,34.67
117.38,133.64,24.33,34.53
117.11,133.35,24.50,34.40
116.61,132.98,25.60,35.20
118.56,135.46,24.83,34.13
120.00,137.00,25.00,34.00
121.57,136.91,24.83,34.17
121.66,134.44,24.67,33.40
121.60,132.90,24.50,33.60
123.63,132.36,24.33,34.67
127.04,131.96,24.17,34.83
125.92,131.58,24.00,35.00
125.70,131.45,23.83,35.17
125.77,129.84,23.67,35.33
125.85,128.38,23.50,34.80
128.39,129.39,23.33,35.67
130.43,129.99,23.17,35.47
128.38,129.34,24.20,36.80
132.53,128.77,23.40,36.73
136.92,130.65,22.67,35.80
139.56,130.27,22.50,36.50
140.36,130.15,22.33,36.67
141.90,130.03,22.17,36.83
142.84,126.97,22.00,37.00
142.95,126.31,21.83,37.17
148.34,125.26,21.67,37.33
151.60,126.18,21.50,37.50
150.19,125.03,21.33,37.67
151.74,124.54,21.17,38.60
153.88,125.99,21.00,38.00
153.57,124.62,21.00,38.33
152.20,125.99,20.80,38.47
153.77,128.72,20.60,38.60
153.94,128.73,20.47,38.80
155.50,128.65,20.17,38.87
157.00,130.00,20.00,39.00
156.97,130.06,19.93,38.97
156.93,128.66,19.87,38.93
158.39,128.73,19.80,38.90
164.38,131.75,19.73,38.87
164.52,131.59,19.67,38.83
164.48,131.61,19.60,38.80
164.45,131.64,19.53,38.77
163.33,131.66,19.47,38.73
162.93,128.55,19.40,38.70
156.78,125.35,19.33,38.67
155.20,120.87,19.27,38.63
153.74,117.30,19.20,38.60
152.28,114.34,19.13,38.57
150.48,112.95,19.07,38.53
150.46,112.99,19.00,38.50
151.86,113.03,18.93,38.47
154.83,111.65,18.87,38.43
157.61,113.11,18.80,38.40
163.56,114.70,18.73,38.37
167.59,115.64,18.67,38.33
170.48,114.40,18.60,39.00
171.85,117.55,18.53,38.27
174.35,117.62,18.47,38.23
177.13,116.31,18.40,38.20
177.11,117.05,18.33,39.00
179.89,117.53,18.27,38.13
181.29,116.20,18.20,38.10
181.26,116.16,18.13,38.07
182.93,116.32,18.07,38.03
186.00,115.00,18.00,38.00
186.02,114.99,18.10,38.00
186.03,114.98,18.20,38.00
190.59,111.87,18.30,38.90
190.61,110.77,18.40,38.00
189.24,109.07,18.50,38.00
190.66,107.66,18.60,38.00
190.69,106.13,18.70,38.23
188.30,104.82,18.80,38.00
187.92,106.55,18.90,37.30
190.27,106.18,19.00,38.00
189.37,104.75,19.10,38.00
187.98,103.32,19.20,38.00
189.42,103.29,19.30,38.00
189.44,102.54,19.40,38.00
187.85,104.67,19.50,38.00
187.86,105.37,19.60,38.53
188.42,104.27,20.27,39.13
189.31,104.52,19.80,38.60
190.26,104.50,19.90,38.63
189.33,104.81,20.00,38.00
187.90,104.80,20.10,38.00
184.92,105.50,20.20,38.73
183.15,104.77,20.30,38.00
182.03,104.76,20.40,38.00
180.21,103.07,20.50,38.00
180.03,100.80,20.60,37.13
177.85,99.07,19.80,37.10
176.00,98.59,20.80,38.00
176.00,100.03,20.90,38.00
176.00,100.00,21.00,38.00
174.53,98.54,20.93,37.83
176.41,99.01,19.93,36.73
175.95,98.68,20.80,37.50
174.83,100.38,19.87,36.47
173.19,100.37,20.67,36.33
174.38,101.29,20.60,37.20
173.22,102.71,20.53,37.07
173.24,102.68,20.47,36.93
171.44,101.78,20.40,36.50
169.81,101.73,20.33,35.67
169.81,103.08,20.27,35.53
169.80,104.42,20.20,35.40
168.26,102.85,20.13,35.83
168.25,103.13,20.07,35.13
167.59,104.47,20.00,35.00
166.72,104.13,19.93,34.87
165.38,104.42,19.87,34.17
165.95,103.58,19.80,34.60
166.21,104.69,19.73,33.83
166.24,105.38,19.00,33.33
165.77,103.77,18.90,33.80
166.71,103.82,19.53,34.33
166.71,104.75,19.47,34.17
166.71,104.75,19.40,34.00
166.71,104.74,19.33,33.83
166.71,104.73,19.27,33.67
166.71,104.32,19.20,34.30
166.71,105.96,19.13,33.27
166.71,106.03,19.07,33.13
168.00,106.00,19.00,33.00
167.94,105.98,19.00,33.07
167.89,107.25,19.00,33.13
166.54,107.24,19.00,33.20
164.91,107.09,19.00,33.27
164.86,107.25,19.00,33.33
164.82,107.25,19.00,33.40
164.77,106.94,19.00,33.47
165.67,106.89,19.00,33.53
164.67,106.84,19.00,33.60
162.36,105.93,19.00,33.67
162.35,106.33,19.00,33.73
163.76,106.69,19.00,33.80
161.89,106.13,19.00,33.87
161.15,106.70,19.00,33.93
163.09,108.00,19.00,34.00
162.44,109.31,19.00,34.07
161.13,109.45,19.00,34.13
160.34,109.45,19.00,34.20
161.59,110.74,19.00,34.27
161.54,112.04,19.00,34.33
161.11,113.34,19.00,34.40
161.45,113.34,19.00,34.47
162.40,113.33,19.00,34.53
162.65,113.33,19.00,34.60
163.91,113.54,19.00,34.67
165.17,113.39,19.00,34.60
163.69,113.32,19.00,34.80
162.37,113.32,19.00,34.87
162.37,113.31,19.00,34.93
164.00,112.00,19.00,35.00
165.24,112.05,19.23,35.07
166.39,112.09,19.47,35.13
165.09,112.14,19.70,35.20
166.44,112.18,19.93,35.27
165.22,113.58,20.17,35.33
163.69,114.68,20.40,35.40
163.58,116.07,20.63,35.47
160.47,117.47,20.87,35.53
157.23,119.81,21.10,35.60
153.07,120.33,21.33,35.67
150.72,120.38,21.57,35.73
150.64,121.84,21.80,35.80
147.71,121.21,22.03,35.87
145.76,120.28,22.73,36.40
144.98,120.31,23.00,36.50
142.41,120.34,23.27,36.60
140.13,121.23,22.97,36.13
140.17,122.70,23.20,36.20
140.07,122.71,23.43,36.27
141.45,123.16,23.67,36.33
143.53,125.74,23.90,36.40
141.26,127.28,24.13,36.47
137.83,127.70,24.37,36.53
137.44,132.58,24.60,36.60
139.16,139.36,24.83,36.67
137.31,142.85,25.07,36.73
130.03,144.48,26.20,37.70
127.22,147.00,25.53,36.87
127.15,148.56,25.77,36.93
127.00,147.00,26.00,37.00
125.57,145.40,25.80,37.00
125.34,144.91,26.53,37.93
127.42,143.93,25.40,37.00
122.58,143.35,26.07,37.87
124.87,143.77,25.00,37.00
128.11,143.75,24.80,37.00
128.62,142.64,23.83,36.23
126.45,142.25,24.40,37.00
125.06,142.18,24.20,36.70
126.73,141.11,24.00,36.67
127.37,139.63,23.80,36.63
127.00,139.12,23.60,36.60
127.42,136.49,22.83,36.00
130.42,134.35,23.20,36.53
131.25,131.39,23.00,36.50
131.43,131.42,22.80,36.47
135.07,130.22,22.17,36.00
137.26,130.23,22.00,36.00
138.79,130.80,21.83,36.00
138.89,131.18,21.67,36.00
138.99,130.72,21.50,36.00
138.69,131.30,21.33,36.00
139.19,130.56,21.17,36.00
140.30,131.54,21.20,36.20
140.72,130.16,21.00,36.17
140.62,128.80,20.80,36.13
142.19,128.85,20.60,36.10
144.07,129.00,20.40,36.07
144.23,129.00,20.20,36.03
143.00,129.00,20.00,36.00
141.66,128.95,20.00,36.00
142.10,128.15,19.07,35.07
143.47,129.36,20.00,35.10
145.27,128.16,19.13,35.13
144.89,127.90,20.00,35.17
144.94,126.33,20.00,36.00
144.99,126.00,20.00,36.00
146.77,124.93,20.00,36.00
148.20,124.92,20.00,36.00
146.40,124.91,20.00,36.00
147.79,123.52,20.00,36.00
148.35,123.51,20.00,36.00
148.40,122.12,20.00,36.00
148.45,122.11,20.00,36.00
150.92,123.49,20.00,36.00
153.05,123.48,20.00,36.00
152.31,123.47,20.00,36.00
152.31,125.06,20.00,36.00
152.32,126.58,20.00,36.00
153.24,128.19,20.00,36.00
152.32,128.61,20.00,36.00
153.71,129.95,20.00,36.00
154.78,129.91,20.00,36.00
154.82,130.97,20.00,36.00
154.87,132.36,20.00,36.00
154.92,132.37,20.00,36.00
153.72,131.13,20.00,36.00
153.63,130.99,20.00,36.00
153.73,131.00,20.00,36.00
152.00,131.00,20.00,36.00
148.90,131.08,19.80,35.83
147.21,131.16,19.60,35.67
148.63,131.13,19.40,35.50
148.65,131.17,19.20,35.33
150.02,131.17,19.00,35.17
150.04,131.70,18.80,35.00
150.06,133.07,18.60,34.83
150.08,132.10,18.40,34.67
151.40,133.17,18.20,34.50
152.70,133.22,18.00,34.33
153.10,133.66,17.80,34.17
151.65,135.02,17.60,34.00
150.42,135.09,17.40,33.83
149.20,134.67,17.20,34.67
149.80,134.99,17.00,34.00
150.53,134.47,16.80,33.87
151.80,134.17,16.60,33.17
151.83,133.60,16.40,33.00
151.51,132.45,16.20,32.83
151.52,132.51,16.00,32.67
152.71,131.80,15.80,32.50
152.71,131.83,15.60,32.33
153.55,131.85,15.40,32.17
153.59,131.87,15.20,32.00
153.63,131.66,15.00,31.83
154.80,131.73,14.80,31.67
154.82,131.80,14.60,31.50
153.83,131.86,14.40,31.33
155.98,131.98,14.20,31.17
156.00,132.00,14.00,31.00
154.83,130.85,14.14,31.03
156.12,131.81,14.28,31.07
156.04,131.71,14.41,31.10
155.96,131.77,14.55,31.00
155.88,131.71,14.69,31.00
155.80,131.66,14.83,31.00
155.72,131.60,14.97,31.00
155.64,131.54,15.10,31.00
156.88,131.48,15.24,31.00
156.08,131.25,15.38,31.34
154.89,130.60,15.52,31.38
155.48,130.98,15.66,31.41
155.94,130.29,15.79,31.45
155.89,129.66,15.93,31.48
155.22,129.04,16.07,31.52
155.80,128.99,16.21,31.55
155.75,129.39,16.34,31.59
154.43,130.47,16.48,31.62
150.96,131.56,16.62,31.66
150.53,130.64,16.76,31.69
153.28,130.21,16.90,31.72
154.40,132.68,17.03,31.00
154.34,133.16,17.17,31.00
153.10,134.03,17.31,31.00
154.07,134.71,17.45,31.86
155.27,137.47,17.59,31.00
154.13,137.41,17.72,31.00
152.86,136.87,17.86,31.97
154.00,138.00,18.00,32.00
