530.00,447.00,163.00,47.00
543.52,442.55,165.60,47.97
556.77,440.86,165.40,48.00
565.46,445.29,174.00,51.00
569.56,445.84,180.13,52.87
582.60,447.22,178.50,52.67
589.67,446.88,182.00,54.00
594.31,443.59,182.37,54.23
605.91,438.53,187.33,56.00
600.89,433.50,192.80,57.70
603.37,428.27,201.00,60.33
590.73,426.74,201.60,60.63
591.42,416.07,202.00,61.00
595.74,406.19,202.43,61.40
597.01,406.50,201.93,61.33
597.66,388.02,203.50,61.50
581.77,381.10,206.93,63.13
586.74,374.65,212.50,64.77
594.73,364.38,210.20,64.00
602.17,360.19,211.27,64.50
608.08,356.16,211.00,64.67
616.52,352.35,208.30,64.40
619.87,346.84,210.00,65.07
621.97,342.87,210.50,65.43
624.78,351.21,210.20,65.60
576.03,348.81,207.50,64.33
585.63,347.05,197.60,61.20
579.19,342.26,201.30,63.20
587.86,343.45,212.73,67.20
623.85,347.89,205.63,64.70
615.00,345.00,206.00,65.00
677.36,318.97,203.40,65.20
653.68,328.12,204.67,66.47
620.38,337.30,202.30,66.80
658.19,313.75,203.20,68.80
645.81,323.63,205.17,70.17
632.39,316.06,197.80,69.20
642.99,332.12,192.73,68.33
652.97,340.34,190.80,68.93
661.25,348.74,182.80,67.90
651.13,338.51,187.00,70.33
664.38,341.91,185.80,71.13
670.62,340.82,186.00,72.80
688.07,344.78,182.70,72.93
693.96,349.86,182.00,74.40
680.71,353.48,180.50,75.00
684.91,356.66,185.67,78.00
689.89,360.59,181.60,78.07
699.94,370.13,183.00,81.00
695.58,377.62,185.50,84.47
696.47,381.63,185.67,85.67
696.01,386.40,189.40,89.60
689.28,394.26,191.80,92.53
677.58,397.51,194.43,95.23
673.23,402.23,190.60,95.00
672.96,412.60,182.83,92.50
677.73,427.34,171.33,88.60
681.10,437.69,172.20,90.30
674.64,438.95,182.87,98.33
673.01,449.87,180.93,99.17
665.00,461.00,179.00,100.00
651.41,467.24,184.93,100.97
637.19,473.10,201.13,107.53
628.38,489.48,195.40,102.40
623.32,503.23,199.13,102.53
623.25,503.50,205.33,103.67
619.61,497.06,203.60,100.60
624.94,482.57,208.87,101.37
611.61,469.56,214.13,102.13
600.24,467.86,224.30,105.70
600.34,467.97,227.00,105.67
575.47,467.77,231.80,106.23
538.50,455.67,240.80,109.20
531.11,455.81,243.67,108.50
529.74,455.82,245.53,108.07
527.71,458.88,251.00,108.50
517.47,466.62,259.07,110.93
493.71,475.97,262.33,110.50
465.52,475.27,271.20,112.20
444.81,483.34,281.63,115.40
419.15,482.65,290.67,117.33
397.04,480.39,308.50,122.40
388.75,473.44,319.47,124.40
373.19,471.29,326.97,126.07
357.81,460.06,333.40,127.20
344.52,456.00,353.00,133.67
328.87,442.62,360.73,135.47
318.54,433.17,347.00,129.60
288.68,414.98,374.40,138.00
272.27,416.21,372.97,136.10
240.00,404.00,379.00,137.00
212.57,391.10,378.90,137.27
183.99,377.37,386.27,140.33
175.16,377.27,380.30,138.40
165.85,377.92,375.60,136.67
154.21,379.86,375.33,136.83
138.36,388.33,383.00,140.40
119.24,399.33,391.67,143.97
84.01,395.94,409.20,150.40
58.32,396.23,406.20,149.50
27.71,379.42,420.00,155.00
 1.24,377.14,430.97,159.20
-18.66,380.16,412.40,152.80
-17.61,393.61,411.53,152.80
-5.72,392.26,417.07,155.20
 7.15,391.20,421.00,157.00
32.28,388.52,433.33,162.07
82.49,389.20,428.77,160.40
110.09,372.78,436.80,164.00
156.92,362.38,428.03,160.80
176.26,360.73,433.67,163.33
227.60,350.34,432.70,163.30
295.60,351.29,421.67,159.67
348.45,351.40,415.80,157.73
386.89,367.06,415.40,158.00
417.45,394.16,400.17,152.33
436.87,393.93,398.13,151.87
440.60,394.10,393.70,150.60
434.04,395.46,383.00,146.93
440.92,396.93,372.73,143.07
457.00,397.00,369.00,142.00
466.24,390.45,364.97,146.63
476.86,384.57,361.27,151.67
497.54,395.92,345.30,151.70
511.50,388.37,353.53,161.33
529.71,382.72,350.50,167.17
540.24,376.27,352.40,174.60
567.14,364.72,336.57,173.53
590.67,360.41,321.33,173.20
600.08,363.93,318.00,178.10
587.91,362.43,325.33,184.67
566.58,359.55,309.50,186.07
547.73,356.20,304.00,188.40
533.80,330.01,302.50,195.53
504.28,315.16,291.53,197.60
481.10,314.43,281.00,195.50
475.63,315.86,274.60,199.20
452.23,324.55,268.87,201.07
458.79,321.70,263.40,202.60
462.76,322.06,247.90,197.70
436.89,325.24,249.67,206.33
411.10,317.54,246.70,210.70
409.54,301.38,242.13,214.27
367.99,319.06,243.57,220.60
339.73,318.46,235.20,217.20
348.02,321.19,231.33,221.00
346.19,320.73,224.00,220.47
352.26,315.20,223.60,228.60
367.93,321.56,220.13,232.60
364.86,314.78,219.73,241.03
391.00,321.00,216.00,245.00
392.00,332.48,215.53,240.33
418.85,338.23,211.07,230.87
411.10,348.27,206.60,221.60
425.82,382.92,206.67,217.40
404.18,337.96,209.67,217.17
416.61,341.17,209.20,212.60
429.03,347.53,205.67,204.20
432.01,340.08,204.27,199.27
439.75,328.64,205.70,197.70
450.18,323.10,205.00,193.00
466.12,315.60,202.83,187.57
470.94,307.36,200.40,182.00
481.92,299.98,199.43,177.17
480.27,291.73,194.93,168.73
475.89,289.72,190.00,159.50
480.71,283.01,187.47,153.20
473.97,286.37,188.67,150.63
474.42,291.26,185.60,145.00
474.55,290.87,187.77,141.57
468.68,292.10,186.00,136.00
471.81,294.55,186.90,133.10
467.33,298.81,186.47,128.87
460.47,303.53,185.10,123.70
449.04,308.52,182.40,118.00
441.56,313.57,178.67,112.17
448.39,323.09,168.93,102.93
450.41,328.97,165.50,96.90
456.82,332.81,164.67,92.60
475.81,335.77,166.73,90.23
491.00,339.00,166.00,86.00
508.71,332.66,167.17,85.63
515.44,327.85,165.27,83.27
515.88,328.38,163.70,82.00
512.85,327.35,169.07,83.87
509.45,338.41,175.17,85.67
506.41,345.80,170.60,82.80
505.10,352.49,170.00,81.20
508.36,364.29,175.33,83.07
499.98,364.29,176.50,82.70
479.58,364.95,175.67,81.00
468.49,365.28,175.47,79.97
455.11,373.13,176.60,79.60
440.59,384.59,172.07,76.40
424.40,397.79,170.07,75.20
392.92,408.08,171.00,74.50
369.20,410.23,176.47,75.80
368.40,400.34,177.60,75.43
369.34,395.13,185.40,78.00
365.47,388.71,183.73,76.00
363.72,383.58,186.67,76.67
352.88,367.40,182.90,74.50
337.24,379.50,178.60,72.13
318.17,385.95,176.43,70.40
348.43,350.44,172.60,68.00
357.70,353.48,175.83,69.17
365.27,358.22,174.47,67.20
377.10,355.74,175.30,66.70
382.32,354.77,172.60,65.47
386.00,346.09,173.80,65.23
382.00,333.00,175.00,65.00
382.44,327.46,174.83,64.47
385.98,326.10,181.20,66.73
395.38,333.10,178.10,64.30
401.40,338.98,178.73,64.00
400.90,339.25,180.67,65.00
409.49,340.59,176.60,62.40
410.11,340.34,171.50,60.57
387.73,338.21,171.00,59.93
364.11,354.17,170.50,59.20
382.29,359.75,171.33,59.00
380.60,334.12,175.70,59.77
380.33,326.01,177.20,60.20
386.46,319.03,184.00,62.17
387.51,312.89,183.00,61.33
388.97,313.03,182.50,61.00
385.72,328.11,181.27,60.07
404.81,353.14,185.17,60.70
384.49,353.10,186.40,60.40
397.45,339.04,181.37,58.53
392.12,347.89,183.00,58.33
387.75,350.34,185.40,58.50
394.06,347.57,185.53,58.20
400.85,344.23,181.23,56.07
403.44,348.26,182.60,56.00
402.54,354.69,185.00,56.00
406.43,360.66,184.73,55.47
403.85,366.32,177.10,52.60
396.83,367.42,176.60,51.93
383.29,367.49,178.07,51.90
370.00,368.00,177.00,51.00
362.72,373.48,178.90,50.87
356.85,374.39,178.00,49.80
344.09,374.39,176.40,48.80
321.64,363.12,184.60,50.47
312.87,357.60,186.50,50.33
293.54,351.90,189.40,50.40
280.94,348.33,188.00,49.30
273.55,352.54,189.73,49.00
277.31,354.47,193.70,49.30
284.16,357.05,199.00,50.00
295.77,357.47,198.97,49.37
317.79,358.06,197.80,48.40
339.96,360.85,202.07,49.00
360.54,366.34,202.20,48.53
349.38,370.07,207.50,49.50
352.34,370.56,209.27,49.33
363.38,377.61,209.30,48.73
385.70,383.95,208.40,47.80
393.70,392.20,210.53,47.73
385.87,392.18,216.00,48.33
372.98,393.79,217.40,48.00
365.84,393.94,219.80,48.00
358.51,393.97,222.90,48.23
371.68,393.36,222.00,47.60
359.06,389.39,224.00,47.50
339.49,388.93,226.00,47.40
327.01,382.88,228.00,47.30
317.24,376.67,230.47,47.33
306.89,371.72,237.17,48.17
297.00,372.00,239.00,48.00
282.67,371.82,237.60,48.30
266.51,378.67,231.53,47.67
260.65,378.86,230.70,48.10
254.51,385.00,230.67,48.73
242.68,396.65,238.83,51.17
252.43,403.43,233.80,50.80
252.70,408.54,236.77,52.03
252.26,409.23,239.40,53.20
253.34,405.91,238.20,53.60
265.38,397.12,228.33,52.33
268.86,396.54,230.93,53.50
268.68,402.85,231.80,54.40
276.05,398.74,231.20,54.93
282.25,398.47,232.93,55.93
282.36,400.61,242.00,59.00
274.57,407.28,244.20,60.13
259.79,410.82,244.00,61.47
252.01,413.78,245.60,61.80
244.09,412.86,247.67,63.67
245.95,412.54,247.33,64.33
248.71,414.49,245.50,64.70
261.33,412.77,242.40,63.93
286.63,418.54,238.27,63.80
296.90,412.86,235.80,64.00
304.25,402.57,236.50,64.83
311.80,387.83,236.87,65.60
313.46,364.16,235.90,66.10
302.28,348.90,239.93,67.60
295.91,343.57,235.13,67.33
289.00,327.00,235.00,68.00
288.94,312.38,235.00,68.07
293.09,304.85,226.60,65.33
280.80,296.42,235.00,68.20
276.49,296.87,230.67,67.40
268.76,296.70,231.67,67.83
267.53,289.27,234.00,68.40
285.41,282.88,230.43,66.87
309.00,283.50,224.47,65.67
306.11,294.78,234.50,68.80
305.94,301.83,235.00,69.00
304.25,325.74,232.97,67.93
297.29,349.63,238.00,69.80
301.06,371.86,238.67,70.03
317.30,387.41,239.33,70.27
332.57,396.46,242.50,71.00
328.41,411.43,250.67,73.27
319.39,426.87,251.33,73.53
310.32,436.21,253.60,74.60
312.32,446.64,249.50,73.43
318.16,446.76,248.33,73.33
317.76,438.38,254.00,74.60
315.41,430.38,254.67,74.87
308.53,422.45,252.43,74.83
290.10,421.97,256.80,75.80
280.11,420.19,257.33,76.00
279.39,417.44,258.53,76.33
283.59,418.77,249.90,73.80
276.46,416.47,263.93,78.53
265.76,424.68,264.47,78.77
255.00,435.00,265.00,79.00
255.16,443.17,264.80,79.07
250.26,442.15,275.27,82.07
255.34,443.84,265.50,79.50
253.62,450.57,269.33,81.27
253.89,450.52,269.17,81.33
251.77,441.52,273.80,82.20
252.15,441.50,273.43,82.23
251.20,432.54,275.73,83.07
255.80,431.78,279.20,84.60
254.70,439.74,287.00,86.67
258.42,447.84,291.77,88.63
273.06,457.27,290.20,87.80
293.66,467.03,290.63,88.57
314.49,467.37,289.73,87.93
332.51,475.97,292.50,89.00
358.14,475.92,292.47,89.13
381.42,484.51,295.83,90.40
412.61,484.64,293.60,90.20
442.60,493.82,293.97,90.43
465.58,496.62,296.33,91.00
487.78,503.57,292.30,89.80
508.46,503.55,292.27,89.93
535.17,512.39,294.80,91.00
546.01,525.34,297.00,91.60
553.47,545.39,301.17,93.17
560.85,561.95,305.73,94.87
575.72,574.85,300.50,93.30
607.26,574.97,299.27,93.07
638.50,575.00,298.40,93.00
660.00,575.00,298.00,93.00
691.14,591.39,297.10,92.33
717.66,609.22,290.60,89.80
739.06,615.44,302.30,93.30
760.70,611.89,298.13,91.40
787.47,597.95,303.17,92.67
781.49,595.52,306.60,93.40
760.14,581.10,312.03,94.80
793.21,589.68,322.60,97.40
855.92,541.40,309.10,93.00
855.40,528.36,300.67,90.00
810.45,517.79,295.93,88.03
767.37,504.34,298.40,88.20
749.80,479.20,295.03,86.67
752.57,472.15,289.67,84.93
687.55,468.32,292.50,85.00
661.09,460.97,293.80,84.80
630.40,460.02,301.40,86.87
572.68,436.69,300.20,86.00
557.26,423.47,297.93,84.90
549.87,426.24,295.67,83.67
536.49,433.71,291.20,81.70
529.44,432.43,294.33,82.27
534.07,437.37,306.03,85.53
533.74,426.26,293.20,81.60
538.21,405.15,304.17,84.00
546.04,401.33,298.87,81.87
544.62,387.30,311.20,85.50
560.15,385.05,301.93,81.93
565.40,380.09,309.27,83.90
577.00,385.00,311.00,84.00
567.54,394.60,311.63,83.93
548.89,393.39,324.00,86.53
528.16,395.75,307.50,82.00
521.68,384.42,318.73,85.47
514.56,385.41,314.17,83.67
510.53,388.70,307.60,81.20
517.84,398.07,308.03,81.07
508.28,407.45,305.67,80.73
487.93,418.36,306.50,80.70
483.73,426.88,315.33,82.67
475.30,427.30,313.57,81.80
477.79,437.12,309.00,80.60
464.60,446.26,314.03,81.40
448.25,445.90,317.07,82.13
427.80,439.97,317.50,82.00
418.14,425.82,317.93,81.87
415.32,407.44,315.77,80.87
401.43,397.39,314.00,80.40
386.90,390.25,320.83,82.00
381.55,385.29,311.00,79.33
367.44,386.03,306.80,77.70
343.88,385.01,316.13,79.60
326.62,392.82,319.57,80.47
311.95,401.76,330.60,82.80
303.47,410.11,331.67,82.83
282.40,411.57,333.53,83.13
277.65,422.86,323.30,80.60
280.42,433.57,317.93,78.53
287.04,442.23,323.77,80.20
287.00,452.00,324.00,80.00
296.54,461.30,323.90,80.37
303.27,450.15,329.80,82.73
325.23,441.05,324.30,81.30
336.73,431.88,320.13,80.27
353.78,412.39,325.67,82.50
365.23,400.76,323.40,82.20
363.83,409.55,326.50,83.63
360.87,418.39,332.73,85.13
362.18,421.18,330.40,84.80
358.51,422.41,319.00,82.33
353.54,420.51,310.27,80.67
358.04,410.33,312.60,81.80
351.69,397.68,324.93,85.37
348.17,392.38,321.73,85.40
339.89,392.53,319.00,85.00
326.95,396.38,322.80,86.00
314.84,402.27,316.67,84.93
305.21,415.34,317.00,85.40
288.55,435.26,318.93,86.40
285.65,457.54,324.33,88.33
278.65,465.57,332.60,91.50
274.88,484.46,324.67,89.40
278.53,485.55,332.60,91.87
278.01,485.10,333.80,92.60
260.64,496.56,323.33,90.00
246.83,509.56,324.07,90.60
239.26,529.90,319.40,89.40
223.55,540.32,332.47,93.80
239.11,541.59,320.67,90.53
239.00,541.00,321.00,91.00
228.91,531.70,321.34,90.52
216.10,508.94,326.79,91.83
209.29,497.65,320.69,89.24
209.34,484.95,320.59,88.66
204.52,461.33,330.21,91.21
204.28,441.69,330.69,90.66
218.51,429.70,321.72,87.38
217.75,407.88,324.52,87.76
220.04,387.94,320.07,85.72
228.81,373.66,322.03,85.83
237.94,355.58,323.59,85.79
236.06,334.08,327.38,86.31
235.38,306.68,328.79,85.83
237.02,286.28,325.55,84.79
235.28,270.69,329.07,84.72
210.94,260.07,335.66,86.17
203.79,248.44,338.66,86.45
195.34,237.73,347.21,87.69
186.32,232.08,352.14,88.48
177.77,233.32,347.90,86.66
177.42,233.90,348.24,86.14
178.99,246.01,344.72,84.59
176.71,256.67,348.93,85.10
170.46,266.33,357.31,86.76
179.64,268.11,339.34,81.90
173.48,268.45,352.03,84.07
177.35,279.25,344.69,81.38
194.53,299.18,351.10,82.62
205.00,315.00,351.00,82.00
