179.00,87.00,101.00,178.00
178.98,87.01,101.27,178.17
178.96,86.53,101.53,178.33
178.04,84.50,103.60,182.10
178.05,84.33,103.80,182.13
178.06,84.17,104.00,182.17
179.67,86.80,101.00,176.60
180.62,88.52,99.33,172.87
180.30,87.70,100.20,174.20
180.21,87.35,100.60,174.60
180.12,87.00,101.00,175.00
179.67,85.92,102.13,176.87
178.35,83.40,105.00,181.60
177.86,82.45,106.20,183.20
177.77,82.10,106.60,183.60
177.68,77.98,107.00,184.50
178.19,79.87,106.20,182.53
178.21,79.88,106.40,182.57
178.22,79.89,106.60,182.60
177.23,78.08,108.80,186.27
176.58,77.07,110.33,188.33
176.55,77.02,110.60,188.50
177.27,78.06,109.40,186.47
177.75,78.87,108.67,184.90
172.20,78.12,108.20,183.80
172.83,80.01,106.67,180.50
173.33,81.96,105.40,177.53
173.00,81.97,105.80,177.90
172.23,82.42,106.20,178.27
171.15,80.27,108.53,182.50
171.00,80.00,109.00,183.00
171.93,80.09,108.87,183.03
172.87,79.71,108.73,183.07
172.90,77.77,110.40,186.70
173.73,77.49,110.47,187.00
174.67,78.57,110.33,187.00
176.40,86.08,108.60,183.80
175.77,83.20,111.60,189.30
176.73,83.13,111.40,189.20
177.40,82.45,111.80,190.30
178.33,82.31,111.67,190.33
179.27,82.16,111.53,190.37
180.20,82.02,111.40,190.40
181.13,81.88,111.27,190.43
183.00,83.37,109.27,187.20
184.00,83.34,109.00,187.00
185.47,84.02,107.80,185.40
186.43,83.94,107.60,185.30
186.80,82.96,108.60,187.00
187.73,82.84,108.47,187.00
188.67,82.09,108.33,187.00
189.60,77.67,108.20,187.00
190.27,76.08,108.60,187.80
191.23,76.07,108.40,187.70
192.20,76.06,108.20,187.60
193.17,76.05,108.00,187.50
194.13,76.04,107.80,187.40
195.20,76.18,107.40,187.00
196.20,76.25,107.13,186.73
196.13,74.19,109.00,190.73
197.00,74.00,109.00,191.00
197.35,74.22,108.03,190.13
197.73,74.57,107.00,189.00
197.95,75.09,106.30,188.70
198.13,75.25,105.67,188.33
198.33,82.47,105.00,188.33
199.40,84.28,102.60,184.60
198.86,82.89,103.40,187.27
198.86,82.70,103.13,187.53
198.70,81.91,103.20,189.00
198.33,80.85,103.67,191.00
197.71,79.93,104.63,192.73
199.59,78.21,100.60,187.00
200.59,80.35,98.33,183.10
201.33,85.31,96.60,181.20
206.96,82.61,99.00,186.50
207.67,83.78,97.27,184.07
205.22,84.81,95.40,181.93
205.70,85.03,94.60,181.40
206.18,85.25,93.80,180.87
207.00,86.81,92.33,177.67
208.06,87.10,91.50,177.00
209.50,89.02,88.67,173.07
210.86,88.14,89.37,174.73
210.82,87.97,89.00,175.00
210.60,86.59,89.00,177.67
211.22,85.77,87.33,173.67
210.96,84.15,87.40,176.60
211.61,86.13,85.67,172.33
212.77,87.77,82.90,168.77
213.00,88.00,82.00,168.00
212.72,87.93,82.40,168.20
212.44,87.87,82.80,168.40
212.96,88.95,81.60,166.30
212.62,90.07,82.13,166.73
206.13,89.84,82.67,167.17
206.16,91.20,82.40,164.40
205.77,90.90,82.97,164.97
206.38,92.24,81.53,162.27
205.10,89.95,83.90,166.80
205.11,90.50,83.67,165.67
204.82,90.45,84.03,165.73
204.84,91.60,83.80,163.40
201.78,91.49,84.20,163.60
201.26,91.37,84.60,163.80
202.69,90.25,86.00,166.00
202.40,90.07,86.47,166.33
202.11,89.89,86.93,166.67
201.82,89.70,87.40,167.00
201.53,89.52,87.87,167.33
202.33,89.33,88.33,167.67
202.10,90.92,88.80,168.00
201.90,90.24,89.20,168.93
201.25,89.01,90.50,170.97
201.00,88.58,91.00,171.40
201.17,89.40,90.67,169.33
201.93,90.96,89.13,165.80
202.14,90.59,89.60,166.10
202.72,91.63,88.13,163.40
202.36,91.32,88.57,163.70
202.00,91.00,89.00,164.00
201.38,91.16,89.10,164.03
201.70,92.71,87.33,161.27
199.95,93.93,89.70,164.80
200.13,95.16,88.20,162.47
198.58,93.80,90.17,165.33
197.09,91.26,92.00,168.00
196.44,86.43,92.17,168.17
195.79,86.68,92.33,168.33
195.84,87.98,91.10,166.40
198.61,93.01,90.67,165.33
196.62,93.07,90.83,165.47
195.10,92.23,92.20,167.40
194.65,93.88,91.43,166.13
192.80,92.22,93.47,169.60
190.59,92.35,93.00,169.50
186.59,89.18,92.93,169.20
185.91,86.32,92.87,168.90
185.82,87.46,91.60,166.80
185.17,87.74,91.47,166.40
184.85,90.60,90.67,165.33
184.27,90.77,90.40,164.70
182.22,93.24,93.07,168.47
179.99,93.52,92.93,168.03
179.29,92.99,94.00,169.20
178.83,88.02,93.83,168.50
178.26,87.92,93.87,168.40
177.80,87.38,93.70,167.90
178.06,88.69,92.07,165.40
177.75,89.06,92.03,165.20
177.00,89.00,92.00,165.00
177.84,88.94,91.40,165.17
178.68,88.89,90.80,165.33
180.42,90.18,88.40,162.80
181.23,90.07,87.87,163.07
182.04,89.97,87.33,163.33
182.05,88.66,88.40,166.00
182.89,88.60,87.80,166.17
184.59,87.45,88.67,168.53
186.36,92.93,86.60,166.50
188.07,93.67,84.67,164.67
189.08,93.35,84.13,164.93
190.08,93.03,83.60,165.20
191.09,92.71,83.07,165.47
191.56,91.59,83.60,167.33
192.11,87.35,84.00,169.00
192.71,86.41,84.27,170.93
193.39,85.82,84.40,172.17
195.13,87.14,82.40,169.60
196.30,87.32,81.53,169.30
197.81,88.50,80.00,167.00
195.00,89.24,79.10,166.60
195.63,88.31,78.93,168.40
197.00,89.59,77.30,165.80
198.40,90.96,75.60,163.00
199.42,86.51,74.67,162.50
200.57,86.74,73.47,161.60
200.55,83.88,74.60,166.90
202.00,90.64,72.80,163.80
203.00,90.82,71.90,163.40
204.00,91.00,71.00,163.00
204.00,91.17,71.17,162.80
204.40,92.64,70.53,160.00
204.35,92.72,70.80,160.00
203.73,90.51,72.20,163.00
203.67,91.39,72.50,163.00
203.20,90.27,73.60,165.40
204.55,89.00,73.87,165.30
204.70,90.52,74.13,165.20
205.50,92.60,73.10,162.10
206.00,93.78,72.67,160.00
206.78,94.86,71.67,158.10
206.50,94.33,72.80,159.40
206.58,94.36,73.20,159.60
207.07,94.99,72.80,158.60
210.06,95.17,73.00,158.50
210.32,96.15,72.67,156.80
210.33,96.37,72.83,156.60
210.35,96.60,73.00,156.40
210.36,96.83,73.17,156.20
210.37,98.39,73.33,157.00
209.33,96.84,75.60,160.00
208.43,95.28,77.60,163.00
208.26,94.87,78.13,163.70
209.02,97.27,76.80,161.20
209.02,91.53,77.00,161.00
208.22,90.53,78.80,163.00
209.06,91.87,77.30,160.30
209.04,91.91,77.53,160.20
208.83,91.96,77.77,160.10
209.00,92.00,78.00,160.00
208.81,91.91,78.67,160.43
208.63,91.83,79.33,160.87
207.54,90.39,81.80,164.00
208.26,91.66,80.67,161.73
207.24,90.32,83.00,164.67
207.09,90.28,83.60,165.00
206.93,90.25,84.20,165.33
206.78,90.21,84.80,165.67
207.33,91.22,84.00,163.90
207.14,91.14,84.67,164.33
206.96,91.05,85.33,164.77
207.17,91.57,85.20,164.00
207.02,91.53,85.80,164.33
207.34,92.19,85.47,163.27
206.97,95.46,86.50,163.00
207.36,96.93,86.00,161.60
207.26,96.87,86.50,161.70
207.76,97.70,85.80,160.00
208.33,98.63,84.97,158.10
208.62,99.17,84.67,157.00
208.70,99.60,84.80,156.10
208.62,99.53,85.27,156.20
207.88,98.67,87.03,157.90
207.75,98.50,87.60,158.20
209.37,99.58,86.50,156.00
214.34,99.47,87.00,156.20
215.15,100.70,85.70,153.70
214.17,99.23,88.00,156.60
214.07,99.07,88.53,156.90
214.00,99.00,89.00,157.00
213.47,98.95,89.37,156.83
211.93,97.20,91.73,159.67
211.40,91.44,92.10,159.50
211.60,92.60,91.00,157.13
210.17,95.20,93.17,159.67
208.00,91.65,96.80,166.40
207.42,93.09,97.27,166.30
206.37,92.49,98.67,167.60
205.45,92.08,99.80,168.50
203.67,87.87,102.67,172.67
203.28,88.07,102.73,171.93
202.90,88.26,102.80,171.20
202.52,88.45,102.87,170.47
202.67,89.45,101.87,168.13
206.61,91.34,100.00,164.00
206.97,92.97,98.13,160.40
206.33,93.09,98.27,159.80
205.69,93.22,98.40,159.20
205.05,93.35,98.53,158.60
203.41,91.97,100.67,161.00
202.82,92.55,100.70,159.50
202.06,92.46,101.07,159.33
201.19,91.90,101.67,160.10
200.44,91.88,102.00,159.80
198.04,89.35,105.67,164.50
198.10,96.39,104.40,161.80
197.00,96.71,104.80,161.60
196.37,96.94,105.13,161.13
195.72,97.02,105.50,160.97
195.00,97.00,106.00,161.00
195.60,96.80,104.87,161.00
196.21,96.60,103.73,161.00
197.15,96.55,102.50,160.70
198.73,97.70,99.60,158.00
197.75,95.00,101.83,163.00
199.30,96.10,99.00,160.40
200.25,97.61,97.37,159.60
200.73,97.29,96.67,160.20
201.75,97.78,94.90,159.20
202.17,95.99,94.33,160.00
202.70,91.13,93.53,161.00
204.00,92.10,91.20,159.20
204.67,92.12,90.13,159.30
205.87,92.94,88.00,157.80
206.75,93.66,86.50,156.50
207.40,93.68,85.47,156.60
208.05,93.70,84.43,156.70
209.50,94.93,81.80,154.40
209.77,93.90,81.53,156.60
210.33,90.91,80.67,157.00
210.60,90.19,80.40,158.30
210.93,89.57,80.00,159.40
211.33,89.05,79.47,160.30
211.40,87.43,79.60,163.40
211.08,85.39,80.50,167.33
212.63,87.89,77.67,164.00
213.80,94.16,75.60,161.30
214.53,94.11,74.40,161.20
215.27,94.05,73.20,161.10
216.00,94.00,72.00,161.00
216.27,94.05,71.63,161.20
216.53,94.10,71.27,161.40
215.80,92.79,71.80,164.30
216.40,94.39,70.40,161.40
216.50,94.49,70.00,161.50
216.99,95.79,68.80,159.20
211.39,95.49,68.67,160.10
211.46,95.49,68.33,160.40
211.68,95.93,67.70,159.80
205.65,92.67,68.33,163.00
205.43,87.91,68.60,165.10
204.19,86.22,69.80,168.80
204.49,87.00,68.93,167.57
201.32,87.07,68.53,167.73
201.90,91.09,67.50,166.00
202.22,91.11,67.00,165.87
197.38,92.01,65.63,164.00
197.37,91.07,65.80,165.80
197.02,88.76,66.67,170.33
197.27,88.56,66.33,170.67
197.52,88.35,66.00,171.00
192.85,89.08,65.47,169.47
193.29,89.47,64.57,168.60
193.86,90.53,63.40,166.40
194.05,90.45,63.00,166.50
194.24,90.36,62.60,166.60
194.43,90.27,62.20,166.70
194.62,90.18,61.80,166.80
194.76,90.09,61.40,166.90
195.00,90.00,61.00,167.00
195.01,89.98,62.17,167.37
195.09,90.10,63.20,167.47
195.34,90.45,63.90,167.10
196.31,96.62,64.00,164.53
196.10,95.29,65.83,167.17
196.32,95.26,66.80,167.20
196.07,94.53,68.70,168.63
195.96,93.86,70.33,169.93
195.73,88.66,72.20,172.40
199.89,89.70,72.67,170.67
199.83,89.69,73.83,171.03
199.76,93.01,75.00,171.40
200.41,94.53,74.73,168.33
201.95,92.62,77.33,172.13
203.62,90.77,81.00,177.50
203.78,92.71,81.67,177.73
203.26,89.30,83.70,179.27
203.41,90.13,84.40,177.80
203.43,90.48,85.33,177.30
202.79,88.89,88.00,180.67
207.98,83.23,88.30,179.60
209.47,91.05,86.40,174.27
209.41,91.04,87.60,174.73
209.35,91.04,88.80,175.20
210.96,94.41,86.67,169.83
210.97,94.43,87.73,170.07
211.88,89.94,87.00,167.60
211.32,88.29,89.93,170.73
211.14,88.10,91.00,170.97
211.00,88.00,92.00,171.00
210.60,87.86,92.30,170.87
209.13,86.11,94.73,173.93
209.60,87.27,93.30,171.20
209.27,87.23,93.47,170.87
209.67,88.28,92.17,168.33
209.40,88.34,92.20,167.80
208.73,87.80,93.03,168.47
208.53,87.95,92.93,167.73
207.70,87.31,94.10,168.60
207.33,87.23,94.33,168.33
207.60,88.11,93.30,166.17
205.80,85.68,96.40,170.60
205.37,92.11,96.77,170.57
204.40,91.91,98.20,172.13
204.00,91.83,98.50,172.00
204.13,92.55,97.73,170.27
203.77,88.76,97.97,170.03
202.60,87.11,99.80,172.60
202.30,84.44,99.90,172.13
203.00,86.20,98.00,168.33
203.30,87.53,96.90,165.40
203.67,88.63,95.67,162.93
203.33,88.67,95.83,162.57
203.00,88.72,96.00,162.20
201.00,85.85,99.50,167.67
200.60,85.78,99.80,167.53
200.20,85.71,100.10,167.40
198.43,84.24,102.27,170.07
198.22,84.12,102.63,170.03
198.00,84.00,103.00,170.00
198.02,84.01,102.24,170.14
198.14,90.98,101.28,169.79
197.31,89.75,102.21,172.38
199.07,92.22,97.97,167.55
198.91,91.95,97.55,168.21
198.79,91.48,97.07,169.28
198.76,91.35,96.41,169.66
198.41,91.10,96.38,170.28
199.16,85.69,94.17,168.24
199.34,86.39,93.07,167.00
199.38,86.47,92.28,167.00
199.21,85.72,91.90,168.66
199.45,89.36,90.69,167.00
199.76,89.72,89.34,166.86
200.48,91.63,87.17,163.62
200.00,87.81,87.41,165.21
199.59,86.99,87.52,167.00
199.31,85.83,87.34,169.48
199.33,85.85,86.59,169.62
199.03,85.39,86.45,170.69
199.17,87.60,85.45,168.66
200.28,90.56,82.52,165.45
200.59,90.93,81.17,164.62
200.66,90.95,80.31,164.52
200.72,90.96,79.45,164.41
200.11,90.97,78.59,164.31
200.86,90.98,77.72,164.21
200.90,90.94,76.93,164.21
201.00,91.00,76.00,164.00
200.39,91.40,76.93,164.03
199.72,91.66,78.00,164.33
199.18,92.19,78.80,164.10
199.00,93.89,78.87,161.53
198.38,95.44,79.83,161.67
193.12,95.74,80.80,161.80
192.53,95.24,82.07,163.53
191.42,94.53,84.40,165.67
191.37,95.43,84.60,164.60
191.73,96.93,84.00,162.33
188.38,96.43,86.07,164.07
187.85,96.28,86.80,163.80
186.89,96.08,88.40,164.83
185.19,94.11,88.27,163.27
184.26,91.98,90.00,164.50
184.27,92.74,89.87,162.93
183.42,92.56,91.43,163.27
182.68,91.88,92.80,164.60
181.78,91.30,94.47,165.73
181.96,92.32,94.00,163.67
180.79,91.34,96.20,165.60
175.41,91.35,97.07,165.53
174.69,91.37,97.93,165.47
171.44,92.29,98.80,165.40
171.61,93.08,98.17,163.50
170.09,91.56,100.93,166.20
168.94,91.55,101.70,165.90
168.63,91.53,102.47,165.60
169.28,92.97,101.30,162.40
169.00,93.00,102.00,162.00
169.01,93.29,102.60,161.53
169.01,93.59,103.20,161.07
169.92,95.23,102.00,157.90
169.00,95.47,102.67,157.53
167.75,94.22,105.33,160.17
167.51,94.46,106.00,159.80
167.26,94.70,106.67,159.43
165.94,93.61,109.47,161.73
164.41,93.69,110.40,161.70
164.08,94.37,111.33,161.67
163.67,94.29,112.43,162.07
162.83,93.34,114.40,164.20
162.53,93.93,115.27,163.27
162.31,90.72,116.00,162.93
161.69,87.33,117.50,163.00
160.78,86.59,119.60,164.67
161.22,87.45,119.00,163.13
160.86,87.51,120.00,163.20
161.13,88.52,119.73,161.37
160.14,93.03,122.00,163.33
154.85,92.22,125.10,165.50
159.50,92.02,126.73,166.47
159.18,92.27,127.77,166.53
159.07,92.82,128.40,166.00
158.73,93.01,129.50,166.17
158.38,93.21,130.60,166.33
158.04,93.41,131.70,166.50
157.69,94.04,132.80,166.67
157.35,94.02,133.90,166.83
157.00,94.00,135.00,167.00
157.94,94.06,133.77,166.70
158.88,94.12,132.53,166.40
158.38,92.04,134.20,169.10
159.20,91.68,133.20,169.20
160.13,91.48,132.00,169.00
160.25,89.67,132.40,172.00
162.21,91.42,129.13,167.90
162.44,89.80,129.33,170.53
162.38,88.66,130.10,172.20
163.42,90.78,128.67,171.67
166.04,95.61,124.07,166.70
167.90,96.44,121.00,164.60
169.23,96.53,119.00,164.00
169.59,95.61,118.93,165.40
169.63,90.83,119.50,167.00
171.70,92.37,116.00,164.00
172.53,88.67,115.00,164.00
173.36,88.49,114.00,164.00
173.55,87.35,114.27,165.90
174.34,91.61,113.33,166.00
179.85,91.60,112.40,166.10
180.87,91.59,111.47,166.20
181.88,91.58,110.53,166.30
182.90,91.57,109.60,166.40
184.29,91.31,109.17,167.00
185.23,91.34,108.13,167.00
186.18,91.38,107.10,167.00
188.05,92.82,104.20,164.20
189.11,93.25,102.93,163.90
190.00,93.00,102.00,164.00
190.13,92.91,102.00,164.43
190.27,92.83,102.00,164.87
190.40,92.74,102.00,165.30
190.53,92.43,102.00,165.73
189.83,91.03,103.67,168.67
189.20,89.34,105.20,172.20
190.17,85.68,103.53,169.33
191.07,86.91,102.00,167.47
191.20,86.99,102.00,167.90
191.33,87.07,102.00,168.33
190.83,90.47,103.27,170.67
191.20,90.48,102.80,170.80
191.30,90.27,102.87,171.37
190.87,89.26,104.00,173.53
191.00,85.72,104.00,174.00
191.20,85.92,103.87,174.20
190.83,84.99,104.87,176.67
192.00,89.81,102.80,173.00
192.17,89.72,102.73,173.33
192.33,89.63,102.67,173.67
193.20,90.58,101.20,171.90
193.40,90.54,101.07,172.13
193.60,89.20,100.93,172.37
194.40,90.30,99.60,170.20
194.50,89.50,99.67,170.67
194.93,89.90,99.07,170.13
196.10,91.40,97.00,167.40
196.40,91.60,96.67,167.27
196.73,91.87,96.27,167.00
197.00,92.00,96.00,167.00
