136.00,125.00,139.00,66.00
136.00,124.97,138.97,66.10
136.00,124.93,138.93,66.20
135.85,124.85,139.20,66.40
135.30,124.87,138.87,66.40
130.94,124.83,138.83,66.50
129.43,124.30,141.80,67.60
129.43,124.27,141.77,67.70
123.04,123.23,144.73,69.80
121.48,123.20,144.70,69.90
117.84,123.17,144.67,70.00
113.88,122.45,148.73,71.47
112.49,121.80,151.20,72.80
106.04,121.27,152.77,73.90
99.40,121.13,153.13,74.20
92.73,120.50,155.00,75.50
86.78,120.57,154.07,75.40
77.68,120.17,155.93,76.23
77.46,120.00,156.40,76.60
68.63,119.83,156.87,76.97
59.68,119.66,157.33,77.33
52.21,119.35,158.40,78.00
46.00,125.53,156.07,76.60
34.52,125.00,158.53,77.83
34.32,125.00,158.60,78.00
26.38,125.00,158.67,78.17
18.96,124.87,159.13,78.60
13.02,124.90,159.10,78.70
 6.97,124.93,159.07,78.80
 1.07,124.97,159.03,78.90
 1.00,125.00,159.00,79.00
-5.29,125.00,159.33,78.77
-5.74,125.00,159.67,78.53
-6.19,125.00,160.00,78.30
-6.84,124.93,160.73,78.20
-8.59,124.08,163.67,79.67
-10.94,123.40,167.80,80.80
-11.93,123.15,169.20,81.07
-12.81,122.23,173.80,82.67
-9.80,121.50,176.50,83.90
-11.66,121.17,179.67,84.33
-5.64,121.18,180.03,84.07
-4.90,121.50,178.00,83.20
-6.08,121.07,179.80,83.83
 0.51,121.50,179.00,82.73
-2.51,120.25,184.50,85.00
-0.48,120.00,187.00,85.27
 2.08,120.00,187.50,85.03
 2.76,120.30,185.60,84.20
 1.04,120.00,188.50,84.57
 8.56,120.33,186.33,83.67
 6.71,120.00,189.50,84.10
 4.73,119.27,192.93,85.33
10.52,119.00,194.50,85.63
11.61,119.80,191.80,83.80
 9.50,119.00,195.50,85.17
 8.15,118.13,199.47,86.67
15.70,119.10,196.10,84.50
15.00,119.00,197.00,84.47
14.50,119.00,197.50,84.23
14.00,119.00,198.00,84.00
13.93,118.98,197.80,84.03
13.87,118.97,197.60,84.07
13.60,118.85,197.80,84.30
13.47,118.80,197.73,84.40
17.54,117.92,201.00,86.17
15.64,117.50,204.00,87.00
15.87,117.73,202.73,86.53
15.71,117.77,202.27,86.47
15.54,117.80,201.80,86.40
15.37,117.83,201.33,86.33
15.20,117.87,200.87,86.27
15.03,117.90,200.40,86.20
17.80,117.93,199.93,86.13
18.79,118.43,197.60,85.13
18.92,118.25,197.00,85.50
23.05,118.73,194.80,84.53
21.88,118.28,196.33,85.43
21.64,118.30,196.00,85.40
20.14,117.68,198.20,86.63
18.50,117.33,200.67,87.33
21.07,116.45,204.60,89.10
23.67,116.13,205.60,89.73
23.42,116.12,205.40,89.77
22.77,115.90,206.00,90.20
20.91,115.08,209.00,91.83
20.66,115.07,208.80,91.87
27.77,115.05,208.60,91.90
27.51,115.03,208.40,91.93
27.26,115.02,208.20,91.97
27.00,115.00,208.00,92.00
34.68,113.37,213.50,92.10
50.57,112.09,218.53,92.07
59.36,110.54,224.50,92.30
65.40,108.18,233.47,94.13
79.90,107.42,238.83,94.17
86.31,105.30,247.40,95.80
92.45,104.98,252.63,95.77
96.75,110.65,254.93,94.27
99.94,108.04,258.20,93.70
107.33,107.38,263.33,93.67
111.47,105.45,274.17,96.17
116.83,104.86,279.00,96.00
112.60,99.39,286.87,96.70
117.75,97.69,290.87,95.40
120.94,98.08,290.50,93.50
110.66,96.94,300.27,94.67
107.15,94.11,302.57,93.10
117.20,95.14,295.40,90.40
105.98,97.99,300.70,90.53
101.84,97.64,302.67,90.00
93.23,96.73,308.80,90.60
82.33,96.89,312.53,90.00
77.08,96.22,317.47,90.00
83.00,96.54,316.00,88.00
81.80,96.70,315.00,86.33
71.80,96.56,313.87,85.27
66.73,95.92,318.40,85.20
63.92,96.21,316.40,83.27
58.16,95.64,320.57,83.07
60.00,95.00,325.00,83.00
56.24,95.29,324.30,82.50
55.59,96.57,317.60,80.00
52.53,96.96,315.80,79.30
50.03,97.92,307.07,77.47
54.03,100.35,290.83,72.67
58.20,100.92,287.40,71.60
70.01,98.63,289.70,71.90
70.58,99.24,285.40,70.13
80.27,100.13,278.00,67.80
84.60,100.42,273.33,66.67
82.23,101.11,268.23,64.73
97.86,102.40,257.00,61.60
94.29,102.35,255.83,61.17
108.53,102.29,255.20,60.73
100.97,101.38,263.00,62.00
130.43,101.74,257.13,60.73
126.42,99.42,257.53,60.53
133.64,99.38,259.80,60.40
137.54,99.34,259.23,60.27
121.64,99.19,260.67,60.33
115.37,98.10,270.50,62.30
113.66,99.88,277.40,64.00
113.64,99.78,279.77,64.23
117.84,99.41,284.80,65.00
108.15,99.43,286.00,65.00
115.19,99.88,282.87,64.13
117.77,101.31,272.60,61.30
111.54,101.84,268.73,60.27
109.09,101.94,269.20,60.10
115.00,102.00,270.00,60.00
114.89,108.85,266.80,61.80
112.90,116.29,258.47,62.40
117.17,123.99,245.70,62.50
116.06,127.09,242.00,63.80
113.80,138.62,234.83,63.83
129.90,145.49,220.20,62.80
113.33,153.12,216.93,65.70
131.41,176.90,220.60,69.87
132.58,186.41,220.90,73.60
135.87,198.03,215.00,74.33
111.70,207.15,222.17,80.97
115.81,199.77,227.40,88.00
157.77,198.97,226.77,91.00
188.34,174.07,219.47,91.53
215.52,144.48,216.50,94.00
184.78,106.23,210.33,95.00
182.76,106.68,208.43,97.57
196.43,107.39,205.20,97.40
196.78,104.68,202.23,98.93
196.60,104.47,201.67,100.33
203.98,101.95,199.50,102.60
203.80,104.51,196.53,104.67
202.37,104.66,193.83,106.03
212.86,105.41,190.60,106.20
159.85,105.58,186.33,107.00
167.94,105.13,184.73,109.27
175.75,104.85,183.80,111.70
184.66,104.46,182.87,114.13
193.83,104.28,181.93,116.57
204.00,104.00,181.00,119.00
201.08,103.81,184.27,119.17
198.15,103.62,187.53,119.33
195.23,103.42,190.80,119.50
193.41,103.23,194.07,119.67
195.42,102.20,200.67,121.50
188.13,100.05,209.40,125.60
187.40,99.64,211.63,126.20
182.80,99.73,213.87,125.80
176.60,97.77,223.20,129.50
171.82,96.41,229.67,132.00
168.09,104.45,234.03,132.23
160.77,102.35,245.60,136.20
154.24,102.36,248.40,135.97
145.21,101.90,254.00,136.67
144.17,103.13,253.00,134.00
142.89,103.02,256.27,134.00
138.71,102.26,261.27,135.30
132.87,100.90,269.60,137.80
129.59,100.83,272.80,137.73
126.13,102.92,265.33,133.33
126.63,101.98,272.00,135.00
114.70,100.90,280.40,136.93
110.92,100.63,284.03,137.27
107.69,100.75,286.60,136.80
104.45,100.88,289.17,136.33
103.48,101.67,287.20,134.53
89.68,100.83,295.20,136.00
83.65,99.65,303.07,138.13
80.33,99.83,305.53,137.57
77.00,100.00,308.00,137.00
76.09,100.08,308.20,136.93
72.78,98.92,313.20,139.33
67.39,98.10,320.70,142.70
52.52,103.07,333.93,147.73
55.63,105.23,323.33,143.50
49.01,103.22,334.40,147.60
48.63,103.65,333.00,146.83
50.55,104.17,331.40,145.87
49.85,104.35,331.20,145.60
39.69,103.85,333.33,146.67
39.22,104.11,332.67,146.23
37.34,103.97,334.80,146.60
32.42,102.24,343.03,150.13
26.36,100.12,353.53,154.47
27.07,92.61,350.50,153.00
21.01,90.25,361.00,157.80
24.25,90.59,360.07,157.20
27.60,92.64,351.20,153.20
29.19,93.93,345.83,150.70
33.86,96.48,334.33,145.67
29.24,95.31,341.40,148.10
21.63,98.57,354.47,153.80
27.36,101.12,353.53,153.20
27.72,101.76,351.20,152.00
30.18,103.30,344.67,149.00
29.84,103.64,343.73,148.40
37.76,103.98,342.80,147.80
37.97,104.32,341.87,147.20
45.22,104.61,341.17,146.70
45.00,105.00,340.00,146.00
44.25,105.41,340.00,145.37
48.30,104.32,347.00,147.73
58.96,106.08,340.70,144.40
66.37,106.44,340.93,143.87
66.88,106.80,341.17,143.33
63.50,105.96,347.00,145.20
69.38,106.37,347.00,144.57
69.21,110.62,350.27,145.33
87.70,116.12,323.90,134.10
90.50,116.73,322.33,132.67
98.95,114.86,314.97,128.33
94.29,113.32,322.80,131.60
90.14,112.46,329.60,133.50
95.80,107.02,316.80,128.00
91.70,105.86,323.50,130.50
92.68,107.07,320.07,128.27
93.66,107.96,316.60,126.67
93.02,108.39,316.40,126.00
94.27,109.76,312.40,123.43
94.73,110.74,310.00,121.67
94.08,111.17,309.80,121.00
96.44,112.73,303.60,118.07
93.87,113.14,303.40,117.43
95.15,113.54,303.20,116.80
93.13,113.95,303.00,116.17
95.36,115.23,297.60,113.80
92.39,114.77,302.60,114.90
84.29,115.46,302.40,114.27
83.67,115.85,301.60,113.40
83.00,116.00,302.00,113.00
82.84,116.13,299.33,112.57
75.13,116.32,296.33,112.00
74.75,116.58,293.10,111.30
80.23,118.64,279.20,107.00
84.69,120.89,267.33,102.33
84.39,120.97,265.00,102.00
84.08,121.04,262.67,101.67
77.71,121.12,260.33,101.33
80.03,122.05,253.30,99.30
81.43,123.11,245.67,97.00
82.81,123.81,240.27,95.43
84.03,124.43,235.20,94.00
79.09,124.43,233.30,93.83
81.26,125.16,226.87,92.20
81.14,125.17,225.00,92.00
82.19,125.65,220.80,90.87
81.99,125.62,219.10,90.73
84.19,126.50,212.60,88.80
84.13,126.53,210.63,88.57
80.95,126.56,209.67,88.33
84.49,131.24,201.00,86.00
86.50,132.33,195.40,84.00
87.52,133.18,191.80,82.47
93.43,135.89,178.40,77.20
92.26,130.25,179.17,78.67
92.55,130.27,177.00,78.40
98.25,130.30,175.00,78.10
100.00,131.23,170.33,76.00
100.29,131.13,169.03,75.97
100.00,131.00,168.00,76.00
100.27,131.16,166.77,75.80
104.78,130.03,168.47,77.53
103.67,124.06,170.60,78.10
104.44,123.65,171.07,79.13
110.19,123.99,169.33,78.67
111.40,126.93,156.20,73.00
121.65,128.31,145.23,68.30
121.66,128.32,144.27,68.20
121.71,123.44,146.00,69.30
125.82,123.61,142.67,67.67
128.83,125.02,135.73,64.90
129.74,125.40,133.00,64.20
131.63,125.46,132.17,64.13
131.40,125.49,132.00,64.13
132.34,125.83,129.50,63.50
133.49,126.41,126.60,62.40
134.93,127.14,123.10,61.00
137.07,128.27,118.20,58.80
137.78,128.64,116.17,58.10
138.55,129.06,114.00,57.33
136.22,129.30,112.50,56.90
136.93,129.74,110.20,56.07
136.49,129.96,108.60,55.70
137.06,130.33,106.80,55.00
137.05,130.36,106.17,55.00
137.91,130.82,103.80,54.13
138.03,130.92,102.90,54.00
138.02,130.94,102.27,54.00
138.04,130.99,101.57,53.97
138.00,131.00,101.00,54.00
137.91,130.90,100.70,54.07
137.83,130.80,100.40,54.13
133.35,130.24,101.90,55.10
132.93,130.65,101.53,55.13
132.89,130.69,101.17,55.17
130.44,129.52,105.60,57.60
125.21,128.73,107.80,59.30
125.06,128.70,107.73,59.47
123.85,127.99,109.80,61.00
122.90,130.46,111.33,62.00
123.58,130.68,109.60,61.37
124.70,131.27,107.00,60.00
124.74,131.16,106.57,60.03
124.51,130.92,106.67,60.33
123.66,130.25,108.00,61.50
122.62,129.61,109.73,62.60
121.44,128.61,111.73,64.40
121.52,131.15,111.20,64.40
120.84,130.82,112.20,65.17
119.76,131.92,114.00,66.00
117.93,130.52,117.30,68.60
117.98,129.67,120.27,70.13
117.66,129.34,120.70,70.60
118.26,129.05,121.20,71.00
116.26,126.94,124.67,73.83
116.92,125.42,129.27,76.93
116.71,125.26,129.40,77.30
115.14,124.17,132.27,79.53
115.02,124.07,132.23,79.80
115.00,124.00,132.00,80.00
114.71,123.92,132.23,80.30
112.96,122.84,135.40,82.60
112.06,122.10,138.00,84.20
110.22,120.84,141.73,86.87
112.34,119.42,147.17,89.83
110.55,118.31,150.40,92.20
109.56,117.73,152.03,93.50
107.54,114.77,155.73,96.00
105.18,115.10,160.10,99.10
100.89,110.04,168.33,104.67
98.72,111.28,170.97,105.97
95.27,109.39,177.40,109.80
94.12,108.48,179.23,111.67
92.77,107.37,181.47,113.93
90.51,105.14,185.50,116.50
88.26,108.09,189.53,118.80
88.88,108.59,187.83,118.23
88.56,108.63,188.00,118.60
89.19,112.31,186.27,117.07
88.93,112.15,186.33,117.33
93.33,111.36,182.40,115.60
91.19,110.38,186.47,117.87
93.21,110.64,185.60,117.67
94.66,111.62,182.00,116.00
98.81,114.53,173.00,110.50
105.97,109.39,170.20,108.87
106.39,109.09,170.60,109.30
112.72,109.06,170.07,109.20
112.93,109.06,169.40,109.03
113.00,109.00,169.00,109.00
113.22,109.09,168.43,108.87
119.86,109.18,167.87,108.73
120.64,109.37,167.00,108.40
122.39,110.49,163.33,106.20
124.31,111.45,159.33,104.33
126.20,112.74,155.40,101.80
131.39,111.49,154.80,101.60
130.40,109.95,159.33,104.33
131.17,110.24,157.60,103.40
131.03,109.94,157.67,103.67
132.62,112.73,154.30,102.07
135.57,114.68,148.20,98.20
135.02,114.31,149.10,99.00
141.94,114.80,147.40,98.07
141.28,120.55,148.50,99.00
143.72,122.88,143.40,95.80
144.57,123.37,141.50,94.73
144.71,123.39,141.00,94.60
147.33,124.67,137.33,91.93
148.77,125.42,134.33,90.33
150.54,125.44,134.20,90.20
157.09,132.87,128.60,86.40
157.37,132.95,127.90,86.10
157.95,133.24,126.60,85.40
164.69,138.98,123.50,84.33
164.94,139.03,122.80,84.07
163.05,137.83,126.40,86.30
168.58,143.12,125.73,86.13
173.93,143.06,125.37,86.07
174.00,143.00,125.00,86.00
179.35,143.04,124.62,86.00
184.70,143.01,124.38,86.14
186.77,144.20,120.10,83.83
195.99,150.77,115.41,80.52
198.82,148.98,119.66,84.21
199.14,149.33,118.76,83.62
199.12,149.33,118.55,83.72
206.17,157.13,113.90,80.38
204.39,155.72,117.21,83.31
208.50,160.51,118.86,84.00
208.58,160.56,118.45,84.00
209.06,160.82,117.21,83.59
213.63,163.74,116.72,83.55
214.17,166.43,115.28,82.55
215.98,167.50,111.28,80.48
218.55,167.56,110.83,80.45
220.43,167.21,111.21,81.24
219.18,167.92,109.45,79.90
219.89,164.11,111.48,81.69
224.14,167.92,109.03,80.31
225.29,165.34,106.66,78.90
230.25,168.65,106.45,79.03
235.07,168.74,105.83,78.97
234.40,168.45,107.00,79.62
239.84,168.79,105.28,79.03
244.38,168.72,105.21,79.28
246.52,170.04,101.41,76.72
251.62,170.99,99.28,74.93
256.00,171.00,99.00,75.00
