231.00,62.00,165.00,168.00
231.65,63.16,162.60,164.80
232.40,64.42,160.00,161.40
233.00,65.13,157.70,158.30
236.26,69.75,150.07,149.00
236.83,70.81,147.83,146.00
237.39,71.87,145.60,143.00
238.19,73.17,142.90,139.53
238.79,74.26,140.60,136.47
240.34,74.76,136.40,132.20
241.67,77.49,133.33,128.33
241.87,76.72,131.90,126.10
242.40,77.60,129.80,123.20
242.93,78.48,127.70,120.30
244.73,80.63,123.07,114.87
245.75,81.75,120.00,111.50
246.83,82.90,116.80,108.07
248.35,85.02,112.73,102.70
248.90,85.90,110.60,99.80
249.82,85.30,107.73,95.80
250.33,86.32,105.67,93.00
250.85,87.34,103.60,90.20
251.37,88.35,101.53,87.40
251.88,89.37,99.47,84.60
252.00,89.59,98.20,83.40
252.50,90.58,96.17,80.67
252.13,91.13,95.87,78.80
252.60,92.10,93.90,76.10
253.07,93.06,91.93,73.40
253.53,94.03,89.97,70.70
254.00,95.00,88.00,68.00
248.67,95.70,86.67,69.50
243.35,100.04,85.33,71.00
236.97,100.07,85.90,73.60
231.63,101.16,84.53,75.13
222.97,105.17,83.17,76.67
218.56,106.93,80.20,77.40
214.69,110.98,79.13,79.67
209.63,112.12,77.33,80.00
202.94,112.31,77.40,82.20
193.75,108.92,76.00,83.67
184.57,109.48,74.60,85.13
162.05,104.87,73.60,87.40
172.15,107.19,69.97,87.80
163.60,107.13,70.87,90.47
162.68,110.14,69.00,91.00
160.36,113.40,66.13,90.93
154.60,113.18,66.20,93.93
151.12,117.91,65.00,95.00
144.43,118.88,62.77,95.60
144.88,118.78,62.00,98.33
135.39,119.32,60.60,99.80
130.90,119.86,59.20,101.27
132.72,118.68,56.73,100.13
131.83,121.74,55.20,102.40
125.46,120.70,55.17,107.00
119.61,126.02,53.07,106.87
117.90,126.53,51.80,108.40
112.08,126.42,51.40,111.67
102.78,131.71,49.23,111.40
97.00,136.00,48.00,113.00
102.00,134.33,50.67,111.90
106.52,135.48,54.27,112.67
111.54,133.72,56.90,111.50
116.98,136.91,58.67,108.60
122.39,136.20,60.50,105.83
127.37,137.53,63.20,104.80
132.35,135.65,65.90,103.77
137.33,136.59,68.60,102.73
142.66,136.83,70.60,100.30
147.95,135.97,72.67,97.33
152.58,133.10,76.07,98.37
157.24,130.64,79.40,98.60
161.57,128.37,83.40,98.43
171.01,128.97,86.20,97.47
171.13,126.77,89.50,97.50
178.24,126.58,89.73,93.53
183.71,126.83,91.33,92.00
186.30,124.33,95.60,92.40
191.98,124.27,97.03,90.73
197.06,122.37,99.67,89.67
202.14,120.48,102.30,88.60
205.79,118.42,107.80,87.87
210.73,118.38,110.70,87.13
215.78,116.60,113.40,86.00
220.27,114.45,116.33,85.33
226.58,113.34,116.67,82.93
232.55,116.59,117.70,81.10
231.75,114.33,122.33,81.33
235.19,111.68,128.07,82.60
235.00,115.00,131.00,82.00
235.57,114.73,131.73,83.20
231.21,116.92,132.47,84.40
230.07,115.82,135.60,87.10
232.19,116.54,133.13,86.13
234.31,117.27,130.67,85.17
231.09,121.33,130.60,85.80
228.63,119.68,134.73,89.23
225.75,119.50,134.47,89.73
225.25,118.34,137.50,92.20
226.20,118.01,137.67,93.00
225.49,118.00,136.57,93.17
226.49,117.85,136.20,93.60
223.03,117.14,137.53,95.17
222.16,115.76,141.13,98.07
222.67,112.42,142.00,99.50
224.04,112.62,141.13,99.60
224.66,112.32,141.77,100.70
222.22,112.62,140.60,100.60
221.64,112.35,141.13,101.63
223.04,112.75,139.67,101.33
224.53,113.22,138.00,100.90
222.09,107.47,141.33,103.80
223.12,106.37,140.97,104.23
224.95,106.86,139.00,103.60
224.37,99.70,141.83,106.17
223.70,98.49,144.87,108.87
224.27,98.12,145.40,109.90
224.75,97.68,146.13,111.07
225.37,97.34,146.57,112.03
226.00,97.00,147.00,113.00
225.95,96.94,146.47,116.00
225.90,96.87,145.93,119.00
225.75,96.61,145.60,122.40
225.67,96.48,145.13,125.53
225.58,96.35,144.67,128.67
225.20,95.82,144.80,132.60
223.92,94.86,146.73,137.40
221.63,92.86,150.67,144.27
218.03,89.76,147.60,143.70
223.41,91.08,136.67,139.00
222.99,90.24,137.33,143.47
221.27,88.87,140.60,149.00
220.60,88.20,141.77,153.13
220.83,88.13,141.13,156.07
217.73,89.06,139.00,157.00
217.73,89.05,138.27,159.80
217.74,89.05,137.53,162.60
217.75,86.41,136.80,165.40
218.31,86.99,134.97,167.47
218.26,87.17,134.33,170.33
218.22,87.36,133.70,173.20
217.08,86.07,135.27,179.00
222.48,84.65,136.27,185.07
216.33,84.90,135.20,187.80
221.77,83.25,137.33,194.33
221.82,83.20,137.07,197.67
222.01,83.25,136.50,200.80
222.01,83.17,136.33,204.20
222.21,83.29,136.17,207.60
222.00,83.00,136.00,211.00
222.85,82.97,136.70,209.27
223.70,82.95,137.40,207.53
224.55,82.92,138.10,205.80
225.60,83.10,138.40,203.67
227.50,84.54,137.00,199.00
229.10,86.04,136.20,194.20
229.86,85.89,137.07,192.73
236.61,85.73,137.93,191.27
238.61,87.42,135.80,186.10
232.70,78.27,138.67,186.67
233.37,78.01,139.73,185.43
233.13,75.94,142.60,187.80
234.49,77.00,142.27,183.93
234.03,75.08,145.60,186.00
242.91,74.95,146.50,184.50
242.15,73.09,150.40,186.47
242.89,72.98,151.30,184.93
244.53,73.76,150.40,181.60
244.37,72.75,153.10,181.87
245.60,73.30,153.00,179.00
246.29,73.12,154.00,177.60
246.98,72.94,155.00,176.20
247.91,73.23,155.53,173.87
249.76,74.18,154.20,170.20
250.47,73.98,155.17,168.83
251.18,73.79,156.13,167.47
251.88,73.59,157.10,166.10
252.59,73.39,158.07,164.73
253.29,73.20,159.03,163.37
254.00,73.00,160.00,162.00
254.07,73.00,157.87,162.53
254.35,73.34,155.33,162.40
254.52,72.87,153.00,162.60
254.56,72.62,150.93,163.20
254.54,72.28,149.00,164.00
253.45,70.94,149.20,166.80
253.60,70.84,146.90,167.10
252.66,63.13,146.80,170.33
257.07,73.34,136.00,161.40
257.08,73.12,134.00,162.00
257.08,72.90,132.00,162.60
257.99,73.58,128.20,161.40
257.95,73.30,126.30,162.10
257.91,73.03,124.40,162.80
257.86,72.76,122.50,163.50
257.82,68.94,120.60,164.20
258.35,69.77,117.57,163.20
262.25,65.90,115.60,163.80
264.74,65.16,114.73,165.50
264.24,64.53,113.67,167.00
273.67,68.99,106.60,158.30
274.12,69.82,103.53,156.87
277.28,67.75,104.03,161.23
273.51,69.08,100.00,158.80
277.44,66.77,100.00,163.67
277.75,62.26,97.60,163.73
277.31,60.67,96.70,167.10
277.64,60.72,94.27,167.20
276.85,59.16,94.07,170.50
277.00,59.00,92.00,171.00
277.27,58.87,92.10,171.33
277.55,58.74,92.20,171.67
277.61,57.27,94.10,174.70
283.12,55.46,95.87,178.40
283.80,56.03,95.17,177.33
284.21,53.48,95.00,177.20
285.38,54.95,93.30,174.00
285.76,54.83,93.20,174.00
286.14,54.71,93.10,174.00
286.52,54.04,93.00,174.00
286.89,53.86,92.90,174.00
287.27,53.69,92.80,174.00
287.65,53.51,92.70,174.00
288.02,53.33,92.60,174.00
287.40,48.03,94.50,177.50
288.71,49.73,92.53,174.20
289.45,53.08,91.70,173.10
289.53,52.47,92.20,174.00
289.54,51.57,92.83,175.47
290.62,52.81,91.33,172.67
291.06,52.77,91.10,172.40
291.50,52.74,90.87,172.13
291.95,52.71,90.63,171.87
286.46,51.08,92.00,174.80
285.83,48.61,93.50,177.17
285.54,49.36,92.60,175.80
285.82,49.27,92.70,176.10
286.03,49.08,92.93,176.60
286.33,49.04,92.97,176.80
280.00,49.00,93.00,177.00
279.83,49.19,92.33,176.40
279.27,49.39,91.67,175.80
271.87,47.78,92.80,178.80
270.90,46.74,93.80,180.67
270.67,46.55,93.33,180.83
270.88,49.44,90.80,177.20
271.42,56.47,88.57,173.50
269.71,48.95,90.87,178.13
266.42,56.96,87.00,171.60
263.17,54.81,89.00,175.67
264.04,56.60,86.20,171.83
263.90,56.90,85.40,171.00
263.68,59.54,84.77,170.50
263.23,62.70,84.60,171.40
262.24,61.75,85.50,173.00
255.22,61.03,85.67,174.13
255.14,61.32,84.83,173.27
255.06,61.60,84.00,172.40
254.99,61.88,83.17,171.53
254.91,62.17,82.33,170.67
254.83,62.45,81.50,169.80
255.66,64.77,78.87,164.87
256.30,66.13,76.60,161.83
255.40,65.20,77.40,163.40
249.21,65.17,77.00,163.17
244.59,67.11,73.60,157.13
240.91,65.16,75.20,161.20
240.37,64.78,75.27,163.00
240.12,64.77,74.77,162.73
240.00,65.00,74.00,162.00
239.42,66.84,74.37,158.43
238.77,68.65,74.87,154.93
238.16,70.48,75.30,151.40
237.48,72.24,75.87,148.00
236.93,74.13,76.17,144.33
230.30,71.25,79.00,146.40
234.70,75.80,77.03,137.27
234.83,76.59,77.67,135.67
228.80,78.27,78.60,132.30
228.63,80.24,78.33,128.33
228.70,83.71,77.57,123.93
226.73,85.49,78.20,120.60
226.45,86.82,77.90,115.20
225.88,90.20,78.20,111.60
224.81,90.16,79.50,108.50
223.44,90.97,81.40,106.87
222.82,92.78,81.80,103.23
222.20,94.60,82.20,99.60
221.57,96.41,82.60,95.97
220.62,97.88,83.67,93.00
220.73,97.97,82.60,89.20
216.62,99.94,84.87,86.93
218.57,102.48,85.37,83.77
218.53,105.58,84.60,77.80
218.00,107.77,84.83,73.67
218.23,110.09,83.53,69.27
215.38,113.77,88.40,68.40
217.23,111.94,90.73,65.67
217.58,114.20,89.43,61.37
217.00,116.00,90.00,58.00
217.85,113.21,89.97,62.63
218.70,110.42,89.93,67.27
222.51,106.82,90.60,73.50
223.39,103.60,92.27,79.00
223.48,100.21,94.00,84.83
225.34,98.05,92.20,88.20
226.29,95.14,92.23,93.07
227.23,92.23,92.27,97.93
230.81,89.32,92.30,102.80
231.63,86.41,92.33,107.67
232.45,83.50,92.37,112.53
232.67,80.29,93.60,118.00
234.52,78.55,91.57,120.53
235.37,75.71,91.53,125.27
236.72,73.87,90.50,128.00
237.61,71.09,90.40,132.60
239.49,69.67,88.30,134.50
241.08,68.34,86.80,136.20
242.59,70.96,88.20,141.33
243.40,68.42,88.00,145.67
243.16,63.08,89.90,155.60
242.92,60.40,89.80,160.20
243.57,57.61,90.17,165.03
244.49,54.95,90.00,169.60
245.41,52.29,89.83,174.17
246.33,49.64,89.67,178.73
247.24,46.98,89.50,183.30
248.16,44.57,89.33,187.87
249.08,41.66,89.17,192.43
250.00,39.00,89.00,197.00
250.02,39.28,87.90,196.40
250.04,39.55,86.80,195.80
250.06,39.83,85.70,195.20
250.07,40.10,84.60,194.60
250.09,40.38,83.50,194.00
250.11,40.65,82.40,193.40
250.13,40.93,81.30,192.80
250.15,41.21,80.20,192.20
250.02,40.88,79.40,192.80
250.02,41.09,78.33,192.33
250.02,41.30,77.27,191.87
250.02,43.82,76.20,191.40
250.03,44.23,75.13,190.93
250.56,45.69,73.00,188.33
250.53,46.03,72.00,188.00
247.57,50.46,70.53,185.80
247.75,50.50,69.57,185.60
244.46,50.54,68.60,185.40
244.26,49.85,68.00,186.67
244.26,49.96,67.00,186.33
243.61,48.07,67.30,190.00
243.46,46.64,66.60,188.87
243.83,49.99,64.87,186.00
239.02,42.80,64.40,188.20
238.19,44.23,62.33,185.33
239.14,47.49,59.53,178.80
239.15,41.89,58.60,178.50
233.15,39.09,59.27,184.20
232.93,33.91,58.07,183.47
233.00,34.00,57.00,183.00
230.31,35.06,60.47,180.30
227.42,35.98,64.33,177.87
219.82,35.10,66.20,169.00
211.01,35.13,70.33,166.93
203.15,34.84,74.50,166.83
199.20,32.26,78.00,162.40
195.44,30.57,83.37,165.50
187.79,30.21,87.87,165.93
185.05,31.38,91.60,163.30
183.14,34.22,93.67,157.33
181.98,34.09,97.97,157.30
179.49,39.97,101.00,152.20
177.61,42.48,102.80,146.50
175.53,43.86,105.00,143.07
172.81,44.81,108.50,140.50
169.85,44.82,112.47,139.80
163.43,45.83,115.93,137.10
159.60,46.25,121.20,135.60
155.67,46.59,126.67,134.23
150.72,47.54,130.33,131.67
148.03,49.09,133.70,127.90
145.18,48.45,137.40,125.47
142.21,49.05,141.33,123.97
143.38,52.59,137.00,116.60
133.73,52.99,143.67,115.50
129.49,53.32,149.73,114.53
125.91,54.49,153.30,111.90
121.71,54.73,159.67,111.13
118.85,55.86,163.33,108.57
116.00,57.00,167.00,106.00
116.39,56.94,166.63,107.93
116.89,56.99,166.07,109.67
117.33,56.98,165.60,111.50
117.78,56.97,165.13,113.33
117.22,56.38,166.67,116.33
117.76,56.46,166.00,118.00
116.77,55.77,168.40,121.20
117.38,55.87,167.60,122.80
117.99,55.98,166.80,124.40
118.60,56.09,166.00,126.00
118.66,55.65,166.30,128.70
118.63,55.11,166.80,131.60
118.49,54.25,167.50,135.13
118.95,54.20,167.00,137.07
119.41,54.14,166.50,139.00
120.80,54.55,164.13,140.00
121.19,51.48,163.77,142.00
122.19,47.10,162.20,143.20
127.72,46.94,161.93,145.27
128.33,46.77,161.67,147.33
128.95,46.60,161.40,149.40
129.57,43.43,161.13,151.47
130.18,43.13,160.87,153.53
131.70,44.22,158.80,152.80
133.33,45.10,156.50,152.50
134.92,44.13,156.20,154.47
136.92,45.57,152.70,153.40
137.61,45.72,151.80,154.93
138.31,45.86,150.90,156.47
139.00,46.00,150.00,158.00
140.93,45.32,148.57,156.67
142.87,44.64,147.13,155.33
144.80,43.96,145.70,154.00
146.87,43.41,144.00,152.40
148.84,42.76,142.50,151.00
149.51,41.92,141.40,150.00
151.26,41.23,139.97,148.67
151.91,39.45,140.73,149.53
153.71,38.82,139.20,148.10
153.24,38.53,137.00,146.00
155.78,38.51,134.23,143.33
156.47,36.43,135.20,144.80
158.25,38.20,133.97,143.70
159.69,37.27,133.40,143.27
160.81,36.00,133.50,143.50
158.92,34.60,133.40,144.00
160.69,34.20,131.80,142.50
162.46,33.80,130.20,141.00
163.68,32.85,129.70,140.60
166.17,33.17,126.67,137.67
168.47,35.76,124.00,135.10
170.28,35.12,122.33,133.53
175.37,34.48,120.67,131.97
177.32,33.84,119.00,130.40
179.26,33.20,117.33,128.83
181.21,32.56,115.67,127.27
182.26,31.02,115.80,127.50
184.17,29.80,114.20,126.00
186.14,29.47,112.50,124.37
188.00,29.00,111.00,123.00
187.63,28.84,110.97,125.13
187.27,28.68,110.93,127.27
186.90,28.52,110.90,129.40
185.67,27.50,112.60,133.27
185.33,27.37,112.50,135.33
184.40,26.35,113.60,139.20
184.13,24.63,113.37,141.07
183.87,24.37,113.13,142.93
183.90,24.70,112.30,143.60
184.00,21.11,111.33,144.00
186.33,24.35,105.90,139.27
186.60,24.85,104.60,140.00
186.23,24.72,104.57,142.00
185.87,24.59,104.53,144.00
185.00,23.96,105.50,147.00
184.67,23.86,105.40,148.93
184.33,23.76,105.30,150.87
184.60,24.57,104.00,151.00
184.30,24.52,103.83,152.83
184.00,24.47,103.67,154.67
183.70,24.42,103.50,156.50
182.67,23.28,104.80,160.53
183.10,24.33,103.17,160.17
182.80,24.28,103.00,162.00
182.50,24.24,102.83,163.83
182.57,24.19,102.67,165.67
182.18,24.14,102.50,167.50
181.79,24.09,102.33,169.33
181.39,24.05,102.17,171.17
181.00,24.00,102.00,173.00
181.52,23.94,102.66,172.86
182.03,23.89,103.31,172.72
182.45,23.68,104.17,172.90
182.93,23.57,104.90,172.86
183.41,22.19,105.62,172.83
182.79,20.22,108.55,176.00
182.26,12.61,111.31,179.76
182.72,12.49,112.07,179.72
183.19,12.37,112.83,179.69
184.31,13.56,112.28,177.03
184.79,13.55,113.00,176.79
185.14,13.24,114.00,177.14
185.48,12.93,115.00,177.48
185.83,12.62,116.00,177.83
186.17,12.31,117.00,178.17
186.52,12.01,118.00,178.52
186.86,11.70,119.00,178.86
187.21,11.39,120.00,179.21
186.96,11.08,121.00,179.55
187.37,10.77,122.00,179.90
187.77,10.46,123.00,180.24
187.04, 8.64,126.28,183.62
187.39, 8.26,127.38,184.10
188.98, 9.54,126.00,181.28
189.39, 9.23,127.00,181.62
189.79, 8.92,128.00,181.97
190.19, 8.62,129.00,182.31
190.60, 8.31,130.00,182.66
191.00, 8.00,131.00,183.00
191.05, 7.72,129.23,183.40
191.10, 7.45,127.47,183.80
191.15, 7.17,125.70,184.20
191.20, 6.90,123.93,184.60
191.25, 6.62,122.17,185.00
191.30, 6.34,120.40,185.40
191.35, 6.07,118.63,185.80
191.53, 6.19,116.60,185.40
191.90, 6.57,114.20,184.50
192.17, 7.07,112.00,183.33
192.28, 6.98,110.10,183.37
193.30, 8.09,106.40,181.00
193.80, 8.58,103.73,179.87
193.90, 8.47,101.87,179.93
194.00, 8.36,100.00,180.00
194.10, 8.25,98.13,180.07
194.20, 8.14,96.27,180.13
194.30, 8.03,94.40,180.20
193.77, 6.98,93.80,182.17
193.83, 6.82,92.00,182.33
193.90, 6.66,90.20,182.50
193.97,11.10,88.40,182.67
194.27, 6.69,86.13,182.13
195.10,12.70,82.80,180.00
195.58,14.42,80.17,176.83
195.67,15.53,78.33,176.87
195.75,15.40,76.50,176.90
195.83,15.27,74.67,176.93
195.92,15.13,72.83,176.97
196.00,15.00,71.00,177.00
