 1.00,202.00,444.00,490.00
-32.49,199.27,456.42,493.04
-49.93,191.93,477.15,505.31
-63.03,189.39,489.23,507.96
-79.95,182.63,508.92,519.08
-87.81,185.48,510.50,510.96
-102.36,181.79,525.46,515.92
-113.45,180.87,533.50,515.35
-126.27,178.56,545.00,517.54
-136.67,177.99,551.65,516.27
-173.69,173.96,568.00,521.92
-183.69,173.77,573.58,519.88
-199.60,169.35,591.00,526.31
-197.08,169.54,595.50,523.50
-163.85,165.12,610.62,529.92
-148.86,178.02,609.81,518.65
-149.23,187.58,624.92,525.08
-154.53,185.42,636.23,527.27
-143.20,173.41,631.92,516.00
-125.87,167.51,643.31,518.50
-77.12,168.90,643.92,512.54
-50.07,159.99,669.35,527.15
-45.63,188.13,653.77,508.23
-40.14,184.97,675.42,517.73
-35.88,176.90,700.23,531.00
-10.84,207.70,684.04,512.62
 1.00,206.00,695.00,515.00
14.08,208.80,704.35,516.19
33.81,217.41,696.62,505.77
37.72,225.54,685.58,490.77
36.56,218.60,717.77,509.62
25.20,200.08,728.08,512.88
49.82,205.85,713.92,497.08
43.95,206.67,726.15,500.38
48.15,207.23,740.00,504.23
38.59,210.67,746.73,502.31
30.22,198.37,751.08,502.69
27.37,220.24,744.38,492.50
31.08,224.68,746.69,488.62
30.38,224.23,761.00,494.50
30.03,224.05,775.15,499.85
33.63,228.49,777.31,495.96
16.97,232.35,780.46,493.23
23.72,243.79,756.42,475.35
22.23,222.57,763.15,475.31
39.44,230.90,751.46,463.58
30.67,233.20,758.54,463.92
14.28,207.22,780.85,473.27
 6.35,210.17,786.23,472.23
 0.56,212.77,792.54,471.88
20.36,219.14,785.00,464.00
11.18,221.07,793.00,465.00
 2.00,223.00,801.00,466.00
 2.20,223.03,800.00,468.08
17.14,218.91,813.77,478.46
17.59,219.70,810.42,479.04
38.07,229.94,774.38,460.69
31.19,221.44,787.54,470.62
55.21,223.44,775.77,466.92
52.73,203.89,778.27,471.27
67.56,212.95,746.15,455.31
70.86,215.44,737.12,452.46
64.34,212.05,747.69,461.38
62.73,211.60,748.46,464.42
67.82,215.77,735.85,458.23
78.74,215.71,735.50,460.50
78.61,215.65,735.15,462.77
104.19,225.57,703.65,445.08
92.18,203.65,725.23,461.77
88.82,193.16,729.50,466.46
104.84,204.35,695.00,446.23
106.88,188.98,688.46,444.65
103.16,181.06,693.46,449.77
95.45,176.25,706.42,461.58
127.45,184.63,680.54,447.00
128.64,185.43,677.54,447.58
128.76,185.62,676.69,449.38
128.88,185.81,675.85,451.19
129.00,186.00,675.00,453.00
130.01,184.40,673.27,453.42
131.02,182.81,671.54,453.85
132.03,181.21,669.81,454.27
133.96,180.31,666.23,453.31
135.21,178.88,664.04,453.38
141.45,180.92,651.85,446.54
142.44,179.33,650.15,446.96
143.43,177.73,648.46,447.38
144.42,176.13,646.77,447.81
147.72,176.27,640.46,444.77
146.40,172.94,643.38,448.65
148.13,171.69,640.23,448.38
151.64,172.00,633.50,445.00
152.38,170.23,632.31,445.77
146.91,163.96,643.54,455.54
151.36,164.96,634.92,450.77
152.35,163.37,633.23,451.19
157.50,164.88,623.23,445.38
154.33,160.17,629.85,452.04
156.82,159.62,625.15,450.38
162.41,161.48,614.27,443.88
158.31,156.08,622.77,451.92
138.90,154.31,621.58,452.69
127.23,144.23,643.46,470.08
125.73,142.12,643.23,471.54
126.00,140.00,643.00,473.00
126.09,139.99,642.96,473.19
123.38,139.26,644.92,474.85
122.08,138.89,645.88,475.77
121.77,139.21,644.85,475.31
123.21,140.83,640.31,472.23
112.65,110.17,659.77,486.69
110.85,109.52,661.73,488.23
94.15,126.30,660.69,487.69
99.00,113.72,651.15,480.62
107.35,119.44,634.62,469.38
120.46,132.53,635.08,469.92
92.55,121.25,663.54,490.92
96.69,123.44,655.50,485.00
87.33,115.51,674.46,499.31
83.97,111.94,681.42,504.88
90.61,130.80,668.38,495.08
99.25,137.06,651.35,482.85
99.89,137.47,650.31,482.31
105.28,141.17,639.77,475.19
106.17,141.76,638.23,474.31
108.31,143.31,634.19,471.50
109.94,144.39,631.15,469.62
104.58,140.63,642.12,477.42
105.68,164.56,640.15,476.23
104.61,163.76,642.54,478.15
105.00,164.00,642.00,478.00
104.58,163.73,642.42,478.46
104.65,163.81,641.85,478.23
108.60,164.81,638.88,476.15
109.88,167.42,630.69,470.85
109.47,167.15,631.12,471.31
104.07,163.42,641.54,478.69
105.66,164.67,637.96,476.12
109.45,167.54,630.00,470.31
115.73,166.42,632.65,472.46
136.33,170.81,620.85,463.62
133.18,168.42,626.73,468.31
126.31,163.19,640.08,478.69
122.39,160.50,647.50,484.00
121.98,160.23,647.92,484.46
121.56,159.96,648.35,484.92
123.65,161.42,643.77,481.92
122.98,160.98,644.69,482.73
126.82,163.65,636.62,477.31
126.40,163.38,637.04,477.77
129.49,165.92,630.46,472.62
134.42,169.65,620.19,465.08
135.74,170.62,617.15,463.08
135.80,170.71,616.62,462.81
135.87,170.81,616.08,462.54
135.93,170.90,615.54,462.27
136.00,171.00,615.00,462.00
135.53,170.51,615.31,462.42
135.06,170.02,615.62,462.85
134.59,169.53,615.92,463.27
134.11,169.04,616.23,463.69
134.89,169.42,614.04,462.38
134.67,169.10,613.85,462.46
138.84,172.07,604.88,455.96
140.23,172.97,601.46,453.62
149.69,174.21,597.46,450.58
148.43,172.33,601.08,453.77
168.46,177.21,587.62,443.46
167.82,176.55,588.31,444.23
181.15,178.13,583.50,440.50
179.04,175.57,588.85,445.08
179.68,175.25,588.69,445.15
184.01,177.70,581.15,439.69
189.99,181.56,570.31,431.42
206.05,192.99,539.31,408.00
221.94,177.58,539.00,407.92
229.37,176.92,537.15,407.08
202.43,163.69,558.19,422.88
203.56,164.37,555.31,421.08
204.18,164.79,553.46,419.77
209.46,168.53,542.31,411.85
209.23,168.26,542.15,411.92
209.00,168.00,542.00,412.00
209.57,168.01,541.38,411.73
210.53,168.32,540.00,410.85
207.59,165.81,546.42,415.62
220.37,172.57,527.69,401.85
223.21,173.71,524.12,399.31
225.02,174.05,522.62,398.38
223.67,166.83,527.42,401.96
226.55,167.23,523.77,399.38
224.28,163.48,530.42,405.12
230.58,166.69,519.92,396.92
230.12,151.77,522.96,399.81
244.79,153.06,519.23,397.15
260.12,164.59,489.00,374.00
263.49,166.70,482.69,369.69
264.36,167.05,481.38,368.88
265.22,167.41,480.08,368.08
263.15,165.48,484.65,371.85
288.64,174.21,461.92,354.31
293.92,173.07,464.19,356.50
295.61,174.08,461.23,354.38
295.23,173.48,462.42,355.50
295.88,173.68,461.54,355.00
296.54,173.89,460.65,354.50
297.19,174.09,459.77,354.00
293.52,170.93,467.54,360.23
294.00,171.00,467.00,360.00
294.06,171.15,466.92,360.31
294.13,171.31,466.85,360.62
300.98,174.96,457.77,353.92
311.43,182.65,438.46,339.15
311.64,182.27,439.62,340.54
327.32,182.42,439.54,340.85
322.91,179.08,448.46,348.15
324.38,180.31,445.62,346.31
323.08,179.39,448.31,348.77
324.89,180.89,444.77,346.38
325.15,181.17,444.35,346.42
325.41,181.46,443.92,346.46
327.92,183.50,439.00,343.00
338.40,183.66,438.92,343.31
349.42,191.58,418.46,328.08
351.92,187.62,429.15,336.62
351.56,190.58,430.04,337.65
345.63,185.59,442.08,347.54
348.69,201.95,436.12,343.23
371.44,204.69,430.85,339.15
373.27,210.43,427.12,336.15
374.83,211.12,423.92,334.77
395.38,214.31,416.12,328.38
396.24,214.27,415.77,328.46
397.62,214.64,414.38,327.73
399.00,215.00,413.00,327.00
398.93,214.90,413.50,327.62
398.87,214.81,414.00,328.23
399.27,215.12,413.58,328.04
398.74,214.62,415.00,329.46
395.44,211.69,421.96,335.73
399.53,215.23,414.15,329.08
400.70,216.08,412.19,327.81
400.94,216.23,412.08,327.92
402.41,217.31,409.50,326.19
400.81,215.88,413.08,329.46
398.28,213.94,418.50,333.77
401.91,216.85,411.62,328.38
402.15,217.00,411.50,328.50
400.24,215.54,415.69,331.85
402.02,216.85,412.50,329.65
409.98,217.46,411.15,328.85
406.13,219.87,405.50,324.46
403.27,217.69,411.54,329.23
403.02,217.48,412.35,330.08
396.24,211.88,426.23,341.69
395.67,211.40,427.69,343.08
393.25,209.38,432.85,347.54
400.65,215.48,418.35,335.77
375.32,208.96,434.62,349.23
374.66,208.98,434.81,349.62
374.00,209.00,435.00,350.00
373.83,209.42,435.35,350.04
377.82,230.69,427.38,343.62
365.54,220.95,451.96,362.50
366.41,221.45,450.23,360.92
350.10,223.70,444.00,355.85
342.15,217.33,459.92,368.00
345.63,219.85,453.00,362.38
344.26,218.59,455.77,364.31
344.10,218.28,456.12,364.35
339.44,214.47,465.46,371.38
339.28,214.16,465.81,371.42
336.70,211.70,471.00,375.77
336.71,211.54,471.00,375.50
336.73,211.38,471.00,375.23
336.74,211.23,471.00,374.96
351.32,208.18,478.31,380.46
353.61,209.70,474.12,376.85
353.98,209.68,473.77,376.31
354.35,209.66,473.42,375.77
350.87,206.56,480.77,381.38
347.41,203.55,488.08,386.81
325.13,199.24,498.46,394.85
323.20,198.01,501.15,396.73
316.18,194.01,510.77,404.15
316.59,194.00,510.38,403.58
317.00,194.00,510.00,403.00
316.32,193.92,510.35,403.50
317.26,193.84,510.69,404.00
335.83,193.76,511.04,404.50
325.43,186.22,530.85,419.92
303.59,182.64,538.88,427.42
307.98,186.33,530.77,420.38
325.33,187.60,527.77,418.19
321.61,184.71,534.23,424.31
322.91,186.50,530.65,421.08
325.83,189.01,523.85,416.38
328.03,191.22,518.46,412.31
327.16,190.97,519.23,413.15
326.29,190.72,520.00,414.00
322.72,188.31,526.15,419.15
321.65,187.90,527.31,420.31
315.28,183.19,539.08,430.08
310.60,179.82,547.46,437.15
299.65,171.76,568.38,453.62
293.74,167.68,579.23,462.12
291.98,188.98,581.77,464.38
287.14,185.57,590.46,471.65
280.08,180.23,603.62,482.77
284.22,184.22,594.35,475.23
309.20,187.79,585.08,468.54
310.68,188.07,584.58,468.42
310.00,188.00,585.00,469.00
309.88,187.45,584.38,469.38
308.41,185.78,586.46,472.00
307.62,187.31,587.19,473.50
334.63,191.65,576.77,465.85
333.88,191.44,577.46,467.31
341.98,214.83,560.46,454.92
319.60,196.63,604.42,490.69
315.37,192.66,612.08,498.00
311.60,189.08,618.81,504.54
315.68,192.03,609.85,498.00
321.93,188.83,615.65,503.77
312.76,188.71,614.08,503.38
313.15,188.59,612.50,503.00
310.31,185.77,617.38,508.00
307.71,183.34,621.77,512.23
322.16,183.22,620.15,511.85
321.19,181.37,623.04,514.92
326.73,184.52,612.92,508.00
334.02,184.20,611.81,508.00
331.16,181.58,616.69,512.62
334.30,183.57,609.58,508.00
334.44,183.26,608.46,508.00
334.58,182.94,607.35,508.00
329.18,178.01,617.31,517.23
329.09,177.51,616.65,517.62
329.00,177.00,616.00,518.00
328.67,176.85,616.42,519.12
328.34,176.69,616.85,520.23
353.50,180.96,606.65,512.50
353.07,181.46,605.54,512.31
351.88,181.33,605.92,513.38
350.69,181.19,606.31,514.46
349.50,181.06,606.69,515.54
344.16,177.46,615.38,523.54
343.21,177.52,615.31,524.23
342.25,177.58,615.23,524.92
343.83,179.96,610.08,520.96
353.67,180.23,609.54,521.23
353.83,180.50,609.00,521.50
356.94,183.46,602.54,516.38
357.31,183.92,601.58,516.27
368.76,186.31,596.00,512.31
368.02,186.58,595.50,512.58
367.27,186.85,595.00,512.85
366.53,187.12,594.50,513.12
365.79,187.38,594.00,513.38
365.05,187.65,593.50,513.65
388.56,192.15,582.85,505.46
388.92,192.62,581.88,505.35
389.28,193.08,580.92,505.23
390.52,194.42,579.96,505.12
390.00,194.00,579.00,505.00
390.30,193.78,577.54,505.31
390.98,193.94,575.31,504.85
391.47,193.91,573.46,504.77
393.58,195.42,568.38,501.62
395.44,192.56,563.81,499.04
414.20,188.42,570.00,505.54
419.84,191.98,557.73,496.65
416.71,188.23,563.00,502.38
417.97,188.13,559.50,500.81
419.22,188.04,556.00,499.23
420.48,187.94,552.50,497.65
421.73,187.85,549.00,496.08
425.99,190.25,539.50,489.50
424.32,187.54,541.85,493.15
410.01,174.70,544.96,498.08
427.27,178.75,534.23,489.92
429.40,180.13,529.00,487.12
454.44,183.25,521.08,480.85
454.64,183.09,519.69,481.12
454.83,182.94,518.31,481.38
455.03,182.78,516.92,481.65
455.22,182.62,515.54,481.92
455.42,182.47,514.15,482.19
455.61,182.31,512.77,482.46
455.81,182.16,511.38,482.73
456.00,182.00,510.00,483.00
455.91,182.97,510.00,481.85
455.44,183.60,510.77,481.38
455.17,184.40,511.15,480.58
455.66,185.90,510.00,478.38
477.77,187.74,508.08,475.50
481.71,192.35,500.00,467.08
481.62,193.32,500.00,465.92
481.53,194.30,500.00,464.77
481.44,195.27,500.00,463.62
479.43,194.51,503.85,465.92
479.14,216.38,504.23,465.12
476.17,214.77,510.00,469.15
476.07,215.74,510.00,468.00
478.29,218.80,505.38,462.69
499.09,219.60,505.77,461.88
501.88,223.18,500.00,455.54
501.80,224.15,500.00,454.38
501.71,225.13,500.00,453.23
505.27,229.40,492.69,445.50
509.22,234.01,484.62,437.08
501.44,211.55,500.00,449.77
501.35,208.50,500.00,448.62
501.27,209.50,500.00,447.46
501.56,210.88,499.23,445.54
506.09,216.02,490.00,436.12
506.00,217.00,490.00,435.00
506.29,216.29,489.27,435.12
506.58,215.58,488.54,435.23
502.44,210.88,496.65,443.31
502.92,210.35,495.54,443.08
503.40,209.81,494.42,442.85
504.92,210.31,491.23,440.54
505.58,209.94,489.77,439.96
495.37,212.69,481.38,433.15
496.63,212.15,480.31,432.92
497.89,211.62,479.23,432.69
499.14,211.08,478.15,432.46
497.71,208.12,482.46,437.08
501.66,210.00,476.00,432.00
502.92,209.46,474.92,431.77
504.17,208.92,473.85,431.54
505.43,208.38,472.77,431.31
506.69,207.85,471.69,431.08
507.94,207.31,470.62,430.85
509.20,206.77,469.54,430.62
510.46,206.23,468.46,430.38
511.71,205.69,467.38,430.15
512.97,205.15,466.31,429.92
514.23,204.62,465.23,429.69
517.08,204.08,464.15,429.46
517.54,203.54,463.08,429.23
518.00,203.00,462.00,429.00
517.94,202.86,462.48,429.60
517.89,202.72,462.96,430.20
517.83,202.58,463.44,430.80
518.50,203.16,462.48,429.96
518.62,203.20,462.60,430.20
518.74,203.24,462.72,430.44
517.61,202.02,465.36,433.20
517.55,201.88,465.84,433.80
527.65,198.86,472.08,440.16
529.66,201.60,466.80,435.00
528.79,201.46,467.28,435.60
527.92,201.32,467.76,436.20
537.69,201.18,468.24,436.80
537.63,201.04,468.72,437.40
537.58,200.90,469.20,438.00
537.53,200.76,469.68,438.60
537.47,200.62,470.16,439.20
537.42,200.48,470.64,439.80
540.79,203.76,464.28,433.56
540.01,202.90,466.20,435.60
537.26,200.06,472.08,441.60
539.63,199.92,472.56,442.20
561.73,203.92,464.76,434.52
561.86,203.96,464.88,434.76
562.00,204.00,465.00,435.00
