296.00,563.00,686.00,158.00
276.74,563.41,687.17,159.50
264.23,547.01,675.27,157.93
252.84,547.89,677.80,159.80
243.89,547.61,690.67,164.00
246.97,526.70,703.50,168.00
240.90,526.56,715.40,171.80
240.67,511.71,715.63,173.10
225.17,513.51,715.87,174.40
223.38,508.06,720.60,176.90
223.60,509.06,721.33,178.33
224.69,510.26,720.30,179.37
241.19,499.49,714.00,178.80
253.70,501.46,712.83,179.70
264.79,503.43,711.67,180.60
273.42,496.50,697.00,178.00
292.41,499.85,676.73,174.73
290.98,500.09,684.33,177.67
278.24,513.92,685.00,179.00
296.02,516.78,675.77,178.13
295.61,518.44,677.33,179.67
301.56,527.15,666.20,178.20
319.46,528.59,664.27,178.93
314.42,528.43,676.20,182.87
318.90,529.67,676.20,184.00
321.17,531.31,672.33,184.33
326.80,534.08,661.73,182.40
332.45,536.98,651.10,180.20
338.50,539.66,639.67,178.47
344.98,542.81,627.37,175.77
345.00,544.00,628.00,177.00
346.12,544.02,623.03,181.30
358.74,547.50,595.07,178.67
365.01,546.94,579.80,180.30
373.73,534.14,555.80,178.67
378.12,535.17,543.33,180.83
381.25,535.50,533.40,184.40
368.70,535.78,529.03,188.07
372.74,536.57,518.40,190.73
368.71,535.15,523.90,197.80
367.19,535.83,518.00,200.67
361.72,534.81,525.73,206.93
353.39,531.49,539.20,217.80
343.66,531.49,534.80,222.03
351.00,533.35,518.13,222.53
354.07,534.73,510.00,224.00
349.95,537.01,496.67,223.67
340.30,536.39,497.60,229.13
348.98,540.37,478.20,225.40
343.86,539.24,475.43,231.90
346.27,539.80,468.00,235.00
348.31,540.26,461.30,238.30
351.82,529.46,451.67,238.20
346.19,523.29,452.90,246.20
331.62,508.70,452.20,251.20
337.93,490.50,436.83,246.83
337.81,487.55,434.33,251.07
319.17,469.98,438.30,259.60
333.23,477.96,404.00,244.73
307.92,455.61,420.97,262.17
308.00,455.00,417.00,266.00
291.90,438.15,413.07,266.27
285.05,432.35,424.60,276.47
288.97,418.01,411.80,270.80
271.13,416.00,413.73,274.60
277.37,413.68,399.33,267.33
278.48,399.40,395.20,267.40
289.21,402.53,371.83,255.30
287.40,396.95,373.53,258.87
294.25,388.66,357.90,251.60
298.74,386.38,347.00,247.00
300.98,376.81,340.60,245.40
301.72,371.21,337.20,245.80
310.07,364.23,327.10,241.63
311.68,364.03,321.47,241.93
313.20,358.19,316.00,240.00
308.33,351.56,310.07,239.00
311.74,353.25,301.77,235.57
309.29,342.71,305.20,241.00
311.90,333.80,309.13,247.27
324.59,336.63,299.33,241.67
325.24,327.19,296.50,242.40
341.48,324.38,289.27,239.47
339.88,322.25,290.83,243.87
351.13,319.86,293.40,248.80
366.25,309.33,288.17,248.00
372.54,305.86,290.93,254.20
386.33,304.70,289.40,255.80
398.19,301.46,291.60,261.53
409.60,297.58,295.10,267.60
424.00,297.00,293.00,269.00
439.49,298.50,290.83,270.83
452.42,296.76,294.27,277.33
465.79,295.19,297.30,284.40
484.70,292.82,289.53,280.67
498.28,291.12,292.17,287.33
500.32,290.47,294.40,292.80
519.74,294.64,286.10,288.63
532.25,280.93,292.20,297.93
532.48,291.84,293.30,303.00
547.86,286.45,284.33,297.67
553.43,297.72,283.40,299.93
566.03,300.85,278.20,297.80
576.15,305.89,269.33,291.87
588.14,309.52,262.47,288.73
594.99,323.18,249.00,278.00
603.87,324.93,244.33,279.47
613.05,334.60,239.40,277.03
612.12,333.44,241.40,283.40
627.92,338.94,236.00,280.40
628.10,338.76,235.67,285.00
639.67,342.59,230.00,281.60
647.55,346.92,222.47,277.20
650.28,350.03,216.97,275.23
657.31,356.25,222.00,286.20
659.15,357.59,223.67,293.17
658.59,356.47,224.60,299.53
660.26,358.40,221.10,299.80
674.16,359.60,219.07,301.53
674.98,360.70,217.23,303.47
676.00,362.00,215.00,305.00
676.63,362.09,214.43,305.00
677.25,362.19,213.87,305.00
678.08,362.58,212.90,304.40
677.03,358.55,215.67,309.40
678.13,347.95,214.17,308.00
679.35,348.98,212.40,306.20
680.24,346.77,211.30,305.40
677.30,341.33,217.87,315.73
676.53,339.49,220.10,318.90
678.25,340.84,217.33,315.67
680.96,334.48,212.60,310.43
679.30,326.69,216.60,317.00
670.83,325.63,217.73,318.73
674.62,329.13,211.80,311.33
673.85,326.60,215.00,316.00
675.74,314.44,212.87,313.73
676.79,314.07,212.43,314.30
676.43,311.83,214.80,318.60
678.64,313.24,212.03,315.60
689.31,307.96,208.00,310.33
687.09,308.64,205.80,308.00
687.36,311.20,200.93,301.93
690.50,311.65,199.07,300.07
695.95,315.80,192.60,290.80
697.20,304.04,194.50,294.50
700.56,304.43,192.20,292.00
705.47,307.12,186.80,284.90
707.95,307.75,184.20,281.93
711.98,308.37,181.60,278.97
716.00,309.00,179.00,276.00
716.91,308.07,178.30,276.30
717.93,307.34,177.40,276.20
720.69,298.80,173.00,271.80
723.09,301.19,169.33,266.20
723.99,300.62,168.67,266.50
733.86,300.66,167.40,265.60
734.45,300.20,166.63,265.70
737.78,299.73,165.87,265.80
739.31,300.12,163.90,264.20
738.64,297.68,166.33,270.00
747.72,306.24,163.27,266.23
752.40,305.77,162.20,265.80
753.44,305.29,161.13,265.37
764.30,303.64,161.47,267.27
764.25,301.83,162.50,269.50
775.95,301.36,161.40,269.07
789.16,309.11,156.87,263.63
790.19,313.99,155.60,262.20
801.23,312.98,154.73,262.77
800.78,310.62,156.33,266.00
812.20,310.29,155.00,265.20
813.16,317.22,153.67,264.40
823.34,319.83,149.10,258.37
824.12,315.79,153.40,266.80
827.48,328.67,147.17,257.83
836.86,328.90,145.73,256.87
838.14,330.27,144.30,255.90
840.82,341.51,140.07,250.27
848.79,336.84,144.43,258.97
850.00,337.00,143.00,258.00
850.21,337.16,142.45,257.07
860.26,337.32,141.90,256.14
860.43,337.47,141.34,255.21
871.49,339.79,138.21,249.97
869.36,336.15,142.21,256.62
880.44,348.11,139.07,251.38
881.73,350.21,136.14,246.48
881.41,349.63,136.41,246.93
882.50,351.38,133.90,242.72
881.51,349.69,135.52,245.41
890.94,349.71,135.07,244.66
891.57,350.78,133.38,241.83
892.92,353.17,130.28,236.34
893.01,353.59,129.69,234.79
892.21,352.24,130.86,236.79
896.57,355.85,131.48,238.62
895.63,353.89,133.55,242.45
899.11,353.20,134.31,243.72
899.25,354.00,133.55,242.03
901.91,353.73,133.83,242.48
902.20,354.32,133.07,241.21
901.73,355.88,133.83,242.97
901.98,356.05,133.14,241.83
895.04,364.09,131.93,239.83
893.64,364.27,133.93,243.17
893.79,365.17,132.83,241.34
893.63,366.21,132.34,240.55
893.26,374.80,132.28,240.45
893.00,375.00,132.00,240.00
892.66,375.42,131.73,238.87
890.93,374.06,134.27,242.40
894.24,389.08,126.70,228.50
893.82,389.34,126.60,227.67
892.57,387.92,128.17,230.17
892.18,388.24,128.00,229.20
891.12,386.64,130.13,232.07
897.04,385.74,131.27,233.53
895.86,384.54,132.20,235.60
898.26,384.51,132.67,235.33
901.08,385.08,132.23,233.87
900.79,384.85,132.60,234.00
900.87,385.35,132.23,232.67
896.25,384.52,133.47,234.00
896.10,385.10,133.00,232.50
886.14,386.74,133.93,233.33
887.51,389.81,130.53,227.13
882.73,390.76,129.80,225.20
881.00,398.33,132.07,227.63
877.80,399.71,130.33,224.67
871.35,399.35,131.50,225.20
871.31,406.17,130.53,223.33
869.16,403.72,133.80,228.57
869.34,399.16,132.40,224.20
868.27,397.81,133.50,226.67
865.40,386.14,138.20,232.07
862.78,382.20,142.40,239.80
855.04,375.66,139.27,233.87
856.35,380.43,134.30,224.23
856.00,381.00,134.00,223.00
855.97,380.88,134.17,222.97
843.52,374.39,141.60,235.67
843.36,366.52,140.90,234.20
845.12,368.47,137.53,228.40
845.37,368.82,137.17,227.50
845.63,369.16,136.80,226.60
845.89,369.51,136.43,225.70
846.48,371.15,135.40,222.20
850.23,366.56,133.10,218.80
850.64,364.17,133.00,218.33
852.63,367.16,129.73,212.17
857.46,357.86,131.00,213.60
857.53,348.60,131.00,214.67
858.84,350.94,128.53,209.80
863.80,352.01,127.00,207.50
863.78,351.87,127.73,207.60
867.19,350.87,128.83,209.43
871.64,350.00,130.20,211.00
872.51,350.72,129.17,209.37
871.78,349.32,131.33,212.00
872.62,346.68,131.60,212.10
872.77,340.49,131.87,212.20
872.33,339.30,133.30,214.40
873.76,340.90,131.00,211.00
874.04,340.97,131.00,210.67
865.84,339.64,133.33,213.13
867.10,337.47,130.80,209.50
867.07,336.75,130.87,209.33
867.03,336.87,130.93,209.17
867.00,337.00,131.00,209.00
857.38,335.10,129.87,207.63
915.30,356.08,128.73,206.27
896.07,367.24,127.40,204.60
884.78,377.38,125.93,202.73
871.21,387.60,122.17,197.83
858.71,393.68,123.40,199.60
843.14,402.90,118.30,191.90
833.18,409.02,115.00,187.67
815.32,411.42,116.10,189.30
805.53,415.28,113.00,185.33
792.37,416.67,112.00,184.17
775.14,415.44,113.60,186.60
764.53,415.86,110.87,183.13
748.96,414.37,110.87,183.47
738.32,412.35,110.00,182.50
726.52,406.63,111.47,185.27
711.66,398.36,111.73,185.77
706.37,397.46,108.60,181.20
694.53,389.06,109.63,184.10
684.51,382.47,108.67,183.00
672.10,373.33,106.30,179.10
662.81,364.44,106.87,180.00
658.15,352.09,105.63,178.50
644.37,339.02,104.40,177.00
635.21,324.17,104.00,177.00
633.39,309.74,100.87,172.60
625.21,297.74,99.70,171.10
615.17,279.76,100.40,172.47
613.93,264.15,96.67,167.20
606.00,247.00,95.00,165.00
606.47,247.26,94.97,164.80
613.79,248.92,93.07,161.80
614.92,250.48,91.30,159.00
615.21,255.02,92.87,161.20
613.85,253.34,96.50,166.50
619.40,253.34,96.80,166.80
619.42,254.73,97.23,167.30
621.10,261.99,94.33,162.80
623.22,262.09,94.50,162.90
626.88,267.00,96.67,166.33
626.40,266.14,98.10,168.37
626.99,273.68,97.40,166.80
626.78,273.02,98.30,168.43
627.97,281.44,96.40,165.00
628.16,284.88,96.50,165.00
624.83,287.53,97.53,166.40
624.83,293.49,98.43,168.03
624.71,292.56,99.60,170.20
621.30,300.12,98.90,168.63
621.82,307.35,98.33,167.67
621.67,313.62,99.10,168.70
621.86,313.77,99.20,168.73
622.28,320.88,98.83,168.07
621.72,328.93,97.80,165.60
622.28,327.16,99.83,169.50
623.49,330.26,97.87,165.40
621.80,332.81,101.70,172.00
622.98,334.52,99.80,168.93
631.78,344.76,95.97,162.10
632.00,345.00,96.00,162.00
632.14,345.25,95.83,161.23
641.06,352.79,90.13,152.27
644.15,348.72,95.80,160.30
643.85,347.46,97.73,162.73
648.51,345.78,99.67,166.00
648.64,349.95,101.60,168.40
654.75,348.82,103.07,170.10
659.67,348.50,103.47,170.20
661.75,348.98,102.80,168.70
667.64,347.22,104.67,171.67
671.07,349.13,102.53,167.30
675.51,351.72,102.40,166.60
681.78,351.36,103.13,167.20
681.17,350.43,104.27,168.93
687.50,350.08,105.00,169.50
687.53,350.43,104.80,168.67
687.00,349.94,105.73,169.53
693.55,352.76,106.00,169.40
693.10,352.18,106.73,169.97
693.39,352.53,106.00,168.67
694.10,353.71,104.40,165.70
694.15,358.63,104.13,164.73
694.20,359.03,103.87,163.77
694.05,359.03,104.00,163.60
699.51,359.49,103.67,162.50
701.34,362.29,100.27,156.73
701.76,362.92,99.70,155.30
701.24,368.43,101.00,156.67
700.65,367.52,102.43,158.23
701.00,368.00,102.00,157.00
700.58,368.71,101.97,157.72
700.16,369.42,101.93,158.45
699.46,368.58,103.90,162.28
701.00,371.86,100.41,157.86
705.26,371.20,102.17,161.31
706.28,371.84,102.21,162.17
706.08,372.49,102.24,163.03
704.89,373.43,104.28,167.17
709.22,374.30,104.31,168.07
708.80,379.46,104.34,168.97
714.25,378.60,106.38,172.86
714.02,379.30,106.07,173.66
713.55,379.82,106.24,174.79
716.47,380.33,106.41,175.93
720.63,382.61,104.59,173.55
720.19,383.15,104.76,174.66
722.42,383.69,104.93,175.76
721.37,383.65,105.86,178.00
720.74,384.24,105.97,179.00
719.81,384.37,106.69,180.93
717.05,384.45,107.28,182.93
716.20,384.13,108.28,185.76
715.81,384.70,108.38,186.79
715.42,385.27,108.48,187.83
707.91,385.84,108.59,188.86
705.54,382.62,112.48,197.48
706.89,390.45,108.93,191.21
706.41,391.17,109.03,192.21
706.00,392.00,109.00,193.00
