110.00,33.00,301.00,270.00
109.95,33.26,300.30,268.27
109.91,33.52,299.60,266.53
110.41,23.82,297.80,264.00
108.28,22.32,301.27,265.80
116.88,20.69,304.00,267.83
114.98,19.00,307.00,270.00
112.90,17.89,310.37,271.00
110.20,18.25,309.47,269.07
107.18,14.77,299.50,260.30
101.25,10.20,303.67,262.00
103.90,13.11,296.87,254.97
109.84,15.49,291.80,249.00
109.39,15.65,291.90,247.47
115.77,16.54,288.00,243.07
114.47,15.90,290.50,244.50
111.97,14.54,295.40,247.40
116.96,20.16,294.30,245.30
118.31,22.15,290.80,240.80
120.26,24.10,286.10,236.37
118.41,30.42,289.00,237.00
123.60,29.70,292.30,238.60
123.10,29.85,293.20,238.47
119.28,27.44,300.73,243.43
119.17,26.34,305.00,245.80
116.44,16.85,309.67,247.67
116.10,17.26,309.53,246.33
125.10,16.62,309.40,245.00
119.37, 2.83,321.80,253.40
125.90, 0.56,328.13,257.40
126.00, 1.00,328.00,256.00
135.25,-0.41,329.53,258.07
128.09,-6.49,343.20,269.47
127.21,-7.74,344.30,271.20
128.93,-6.82,340.20,268.60
130.87,-6.07,335.67,266.33
132.18,-5.48,332.40,264.40
128.69,-8.89,338.73,270.47
127.59,-10.31,340.27,272.53
126.50,-11.72,341.80,274.60
124.24,-13.80,345.67,278.00
114.92,-16.61,350.53,282.87
114.27,-14.76,343.60,278.40
109.12,-10.17,341.50,277.43
105.19,-4.30,339.73,276.67
88.88,-4.43,351.00,286.50
76.50,-6.28,354.40,290.13
66.15,-5.18,350.83,287.87
67.12, 3.26,339.80,279.20
63.36,15.24,334.07,275.17
50.62,12.95,338.00,279.00
51.86,23.93,334.70,277.00
55.43,26.04,326.73,272.00
56.32,26.36,324.13,270.60
58.67,28.28,318.60,266.00
59.23,28.32,316.67,265.17
59.18,27.86,315.93,265.33
58.10,27.39,315.20,265.50
61.20,29.26,308.87,261.00
64.50,31.30,302.13,256.17
65.00,31.00,301.00,256.00
65.72,30.90,300.10,256.83
69.43,33.33,293.20,252.60
79.48,33.24,292.30,253.40
81.23,33.16,291.40,254.20
86.95,37.65,280.50,245.83
92.75,25.07,286.00,253.00
94.32,24.33,287.53,255.43
92.92,12.32,290.87,259.73
101.87,19.22,273.50,246.90
103.22,19.99,271.33,246.33
112.03,21.34,267.37,244.60
114.44,23.23,262.40,241.80
115.76,24.35,259.60,240.53
115.58,23.97,259.80,242.27
112.90,21.09,265.00,249.00
115.39,23.38,259.87,245.40
117.87,36.30,254.73,241.23
112.72,35.10,256.60,244.60
114.05,35.91,254.47,243.97
109.14,37.38,251.00,242.00
106.10,37.26,250.70,243.20
109.02,39.52,245.40,239.67
109.43,49.78,245.10,240.83
109.35,49.28,245.80,242.80
110.26,55.63,244.50,243.17
112.85,66.51,239.87,240.00
113.60,67.91,238.90,240.60
104.53,67.79,238.27,241.47
108.86,81.82,229.43,234.03
109.00,82.00,229.00,235.00
109.36,82.38,229.03,235.13
109.71,92.26,229.07,235.27
110.07,93.32,229.10,235.40
110.43,93.71,229.13,235.53
110.78,94.09,229.17,235.67
98.39,89.93,234.20,240.80
90.81,68.99,238.23,245.17
84.50,72.58,231.67,238.73
85.56,73.47,230.80,237.70
98.00,83.91,231.00,238.00
112.41,95.87,228.67,235.13
120.84,108.18,225.00,231.60
130.05,118.93,227.17,233.90
138.52,132.68,220.20,227.07
138.93,137.82,220.50,227.50
144.84,143.76,218.93,226.07
145.12,144.07,218.83,226.10
138.63,131.60,224.40,231.80
143.46,135.94,215.87,223.77
142.96,135.32,218.00,225.67
140.98,132.88,223.10,231.20
145.57,144.66,220.20,228.40
147.53,147.17,216.77,224.07
144.15,135.43,224.00,232.40
140.57,131.57,228.33,236.83
141.51,132.29,227.60,236.07
130.15,119.65,233.10,241.70
131.89,122.07,228.80,237.53
121.96,122.03,229.40,238.27
112.00,122.00,230.00,239.00
101.37,122.19,230.73,236.43
88.32,119.88,236.13,238.53
81.30,122.47,231.70,231.00
85.61,127.35,221.00,216.20
83.40,115.26,225.33,218.17
85.02,117.32,222.00,211.20
93.46,89.71,224.00,209.60
96.80,90.53,223.67,206.60
93.61,88.79,228.80,208.70
97.12,87.45,234.00,210.00
87.62,95.29,236.23,209.67
87.70,95.78,232.80,204.60
87.90,97.67,229.13,199.13
87.64,100.60,226.40,193.40
91.00,98.88,226.50,190.50
97.06,96.01,229.27,189.20
111.74,98.08,231.80,188.10
111.63,80.80,240.20,191.00
147.20,45.79,247.10,192.13
174.61,36.53,244.67,187.67
201.26,84.28,243.40,184.50
186.61,69.39,238.80,178.13
174.34,78.13,240.37,176.53
175.79,110.56,233.40,168.80
163.85,117.47,232.50,164.83
148.14,123.04,231.93,161.20
127.38,127.03,239.90,163.40
102.92,129.39,249.93,166.53
82.10,134.12,250.83,164.10
59.00,141.00,252.00,162.00
59.19,140.90,251.57,161.70
59.24,140.70,251.40,161.60
52.36,135.85,265.10,170.80
50.05,125.52,269.67,173.00
50.86,134.83,268.00,171.83
51.33,130.75,267.00,171.20
59.85,135.98,249.90,160.60
60.50,136.40,248.53,159.60
62.44,137.52,244.60,157.20
62.54,137.54,244.33,157.00
62.65,137.57,244.07,156.80
64.25,138.49,240.80,154.80
63.41,137.81,242.43,156.00
63.36,137.74,242.47,156.00
62.07,136.66,245.00,158.00
60.60,135.71,247.87,159.73
56.19,133.17,256.63,164.67
54.88,132.33,259.20,166.20
52.82,130.85,263.27,169.00
51.92,130.27,265.00,170.00
51.94,130.24,264.90,169.90
51.96,130.22,264.80,169.80
50.07,128.66,268.53,172.77
48.01,127.36,272.60,175.20
43.28,124.30,282.00,181.17
42.95,124.04,282.60,181.53
42.07,123.43,284.30,182.60
38.92,121.32,290.53,186.67
49.14,121.16,290.77,186.83
49.00,121.00,291.00,187.00
49.46,120.93,290.30,187.30
49.74,120.72,289.93,187.87
62.15,122.38,284.00,184.70
63.51,122.94,280.80,183.73
67.39,134.56,276.00,181.33
62.90,131.30,285.20,188.00
61.38,129.89,288.43,190.97
60.81,129.29,289.80,192.33
60.16,128.48,291.30,194.10
62.92,129.94,286.00,191.33
70.94,130.53,283.30,190.30
81.68,145.10,269.60,182.00
80.05,143.58,273.07,185.20
90.76,143.45,272.53,185.60
95.14,156.42,264.00,180.50
100.40,156.35,263.33,180.80
104.92,155.14,265.50,183.37
112.91,167.96,258.00,178.60
115.95,165.23,264.50,184.23
118.80,166.92,259.00,181.00
123.01,177.72,257.00,180.20
128.00,175.53,261.67,184.73
128.27,175.34,261.33,185.27
128.03,174.85,262.00,186.40
138.75,174.71,261.50,186.83
140.86,176.03,257.47,184.33
144.98,178.02,251.50,180.50
142.82,176.15,255.33,184.40
142.91,176.07,254.67,184.70
143.00,176.00,254.00,185.00
154.24,169.16,250.60,186.50
163.06,150.90,252.07,192.07
169.66,141.94,239.60,186.40
174.41,128.22,249.87,198.27
181.76,116.24,238.50,194.83
208.83,118.74,220.80,186.60
225.03,119.08,211.53,183.83
235.41,112.41,212.40,189.60
248.18,99.79,207.40,189.50
245.46,87.52,202.00,190.33
255.15,83.22,198.67,193.20
268.40,46.92,194.60,194.60
251.74,71.93,195.33,199.60
234.43,83.06,186.73,198.00
195.63,104.90,189.00,206.50
176.52,116.91,190.13,213.53
161.62,125.96,189.27,217.57
146.03,133.21,187.60,219.20
130.25,129.20,190.90,229.90
124.97,130.16,188.00,230.67
127.64,132.94,183.60,227.80
134.23,120.90,175.93,221.07
141.55,97.48,175.00,224.63
145.44,71.82,171.60,224.00
153.70,60.77,169.33,226.50
146.90,39.88,169.67,233.33
156.57,26.27,172.90,245.00
169.90,23.22,162.53,234.00
166.11,11.24,165.90,246.07
167.00, 1.00,164.00,249.00
165.63,-5.19,165.03,250.33
174.07,-27.28,163.27,247.00
186.94,-41.51,161.70,244.00
193.98,-55.83,160.87,243.00
194.15,-66.90,159.83,240.83
155.88, 1.98,162.20,244.20
162.36, 3.50,161.60,243.50
161.86, 2.74,164.53,247.33
170.76,-0.33,170.30,255.80
176.68,-6.77,172.33,259.00
174.32,-9.84,178.30,268.07
174.30,-9.25,179.60,269.80
165.18,-6.05,177.43,266.33
152.95,-10.56,184.07,275.80
144.34,-8.62,183.50,275.00
146.77,-6.10,179.87,268.87
145.41,-7.51,183.83,275.07
143.66, 6.13,183.80,274.60
140.39,10.32,183.63,274.33
139.00,11.49,187.00,279.00
137.39,17.78,190.80,284.80
134.34,21.76,192.33,286.60
138.77,18.13,195.53,291.20
140.13, 8.60,199.00,296.40
140.41, 7.00,200.33,298.17
149.92, 7.91,200.87,298.60
150.44, 7.98,202.40,300.70
151.16, 8.35,203.53,302.20
153.51, 1.02,201.40,298.80
154.00, 1.00,203.00,301.00
153.82, 0.99,202.93,300.70
153.78, 1.19,202.60,300.00
153.87, 1.53,202.00,299.00
153.83, 1.71,201.67,298.33
157.08,-3.94,198.00,292.67
155.70, 2.16,201.00,297.00
157.05, 4.05,198.53,292.90
156.02,16.14,195.53,288.20
154.58,14.24,198.00,291.70
145.54,14.30,202.33,298.00
143.49,17.72,206.67,304.30
138.12,15.62,209.40,308.20
128.01, 9.59,217.50,319.93
118.48,15.63,216.13,317.20
109.05,18.67,212.00,311.50
110.11,15.01,209.93,308.20
111.31,16.70,207.60,304.50
112.64,18.59,205.00,300.40
113.57,19.89,203.20,297.50
119.07,22.98,199.00,291.00
118.86,23.07,198.80,290.50
126.46,23.97,197.53,288.40
117.38,21.66,200.53,292.70
115.44,19.15,203.80,297.40
118.03,21.76,198.00,288.50
116.36,11.40,200.73,292.40
116.02,11.30,200.80,292.30
123.15, 8.40,204.60,297.80
125.01,11.10,200.93,292.10
125.00,11.00,201.00,292.00
124.96,11.09,201.37,292.43
124.79,10.98,202.00,293.27
124.43,19.68,203.00,294.50
124.24,20.62,203.67,295.33
124.05,20.52,204.33,296.17
124.36,18.95,204.00,295.80
124.72,19.31,203.57,295.03
126.14,21.27,201.00,291.07
131.12,23.58,197.50,286.40
130.02,21.59,200.67,290.33
136.60,21.35,201.03,290.77
135.37,19.31,203.80,294.80
135.41,19.16,204.03,295.03
135.45,19.02,204.27,295.27
135.49,18.88,204.50,295.50
135.52,14.07,204.73,295.73
133.83,11.67,208.43,301.17
134.00,12.06,208.40,301.00
133.44,11.35,209.83,303.03
133.68,11.84,209.67,302.67
135.32,14.43,206.70,298.10
150.16,21.26,197.60,285.07
150.65,14.65,196.90,283.93
151.55,15.80,195.40,281.60
150.98,15.17,196.83,282.83
160.30,16.07,195.60,281.00
160.09,13.65,198.90,285.80
160.06,13.43,199.27,286.20
159.96,13.12,199.77,286.80
160.00,13.00,200.00,287.00
161.29,14.57,196.77,284.57
162.57,16.14,193.53,282.13
163.86,17.70,190.30,279.70
165.15,19.27,187.07,277.27
166.44,20.84,183.83,274.83
167.52,21.91,181.00,273.40
168.31,22.46,178.77,273.00
168.30,22.14,178.13,274.33
168.18,21.56,177.70,276.20
169.20,22.51,175.00,275.00
175.02,24.38,174.27,277.73
176.92,20.91,173.60,279.40
181.27,23.19,169.53,275.53
190.30,36.90,166.27,273.27
199.27,36.60,165.00,274.00
207.81,40.83,155.20,260.60
216.28,50.66,148.43,253.00
222.69,52.68,145.20,252.60
234.12,57.41,140.90,246.80
243.31,61.80,136.67,241.67
243.00,63.69,128.10,228.50
244.98,30.83,125.27,227.60
247.53,39.38,121.30,224.00
240.76,50.72,120.00,225.20
238.08,26.56,115.50,220.00
234.05,38.02,110.87,214.53
225.89,46.43,108.30,213.00
228.36,69.98,103.33,206.93
215.54,71.68,99.80,203.93
202.00,73.00,97.00,202.00
187.95,72.11,101.60,200.93
176.98,73.29,103.73,195.73
164.47,73.25,108.60,194.90
154.24,66.96,111.40,190.40
146.66,64.30,118.33,193.33
133.44,59.97,127.20,199.60
127.01,53.32,134.97,204.67
124.38,57.32,135.13,194.53
109.06,52.36,142.70,199.20
114.36,51.07,144.67,192.67
109.70,45.75,153.23,199.33
103.71,46.19,157.80,198.00
99.94,45.52,157.93,190.40
98.41,49.82,161.67,189.93
100.44,50.56,167.00,188.00
103.07,50.94,171.53,186.80
100.25,49.91,176.07,185.60
101.47,51.90,177.40,181.00
98.88,52.66,187.57,184.27
87.70,53.90,198.33,186.67
74.73,57.46,199.40,182.10
93.42,84.19,196.33,174.53
68.42,84.22,205.00,177.03
57.86,80.45,202.40,170.20
41.24,78.36,214.00,174.33
30.48,82.71,227.87,180.33
11.25,79.15,242.40,186.80
 2.82,75.80,253.07,191.13
 6.90,74.27,259.17,191.83
 1.00,73.00,265.00,192.00
 4.53,72.10,264.20,197.47
 8.06,80.87,263.40,202.93
 1.69,82.78,282.40,222.80
 2.64,81.45,286.07,231.20
 9.06,92.91,279.33,232.67
15.27,104.23,273.00,234.40
 6.44,110.82,280.87,245.60
18.29,113.02,279.13,250.40
20.45,118.64,280.90,258.00
28.11,117.36,271.67,257.33
34.74,118.93,264.50,257.17
41.15,111.47,270.20,266.80
43.38,109.20,271.13,273.63
41.24,96.00,268.73,279.20
39.20,94.66,267.00,284.00
55.76,96.12,259.80,283.20
56.81,84.39,265.70,295.33
63.26,70.74,259.40,296.80
71.25,53.81,253.83,298.80
87.93,35.81,254.33,305.33
99.94,12.87,256.60,312.80
100.63,25.71,252.53,313.53
109.25,28.82,249.30,317.03
113.89,32.41,244.40,316.80
125.49,35.12,233.83,308.67
134.04,35.81,228.00,307.33
133.78,32.74,229.60,316.80
144.66,23.45,219.27,309.07
159.35,16.19,219.93,317.93
165.00, 1.00,218.00,322.00
164.78, 1.70,217.59,322.17
163.85, 2.40,217.17,322.34
163.28,-6.17,216.76,322.52
171.59, 1.63,219.24,327.03
171.16, 2.54,218.55,326.79
171.55, 4.79,216.21,323.86
172.60,-3.15,217.34,325.59
180.41, 9.43,200.86,302.72
183.45,12.25,193.90,293.24
186.27,17.51,187.38,284.31
187.01,19.71,185.03,281.52
195.30,18.71,186.97,285.14
192.46,15.80,191.79,292.55
192.93,17.57,190.00,290.62
192.50,18.00,190.00,291.38
191.17,12.66,191.79,294.83
185.85, 5.68,201.59,311.07
186.65, 2.25,199.14,307.55
194.19, 4.72,196.41,304.21
196.23, 8.16,192.17,298.90
194.90, 0.87,198.69,309.69
203.66,-0.16,200.79,314.00
202.83,-8.14,201.79,316.03
202.84,-7.35,201.14,316.00
202.43,-7.07,201.31,317.00
205.76,-0.66,194.00,305.72
201.61, 2.76,201.66,319.00
209.06, 0.40,205.83,325.97
209.00, 1.00,206.00,327.00
