184.00,162.00,15.00,44.00
182.44,161.99,15.00,43.97
180.45,161.95,15.00,44.00
177.00,161.73,15.10,44.10
173.96,160.19,15.13,44.13
175.09,159.85,15.17,44.17
174.97,159.61,15.20,44.40
173.40,160.99,15.23,44.47
173.27,162.70,15.27,44.27
173.15,165.72,15.30,43.60
171.61,166.98,15.33,43.67
172.03,168.47,15.37,44.37
173.11,168.35,15.40,44.40
175.28,166.78,15.43,44.43
178.55,166.90,15.00,44.00
181.22,166.08,15.00,44.00
183.10,163.91,15.00,44.00
182.37,163.38,15.00,43.43
183.10,163.26,15.00,43.40
183.53,165.64,15.00,43.37
186.32,165.57,15.00,43.33
187.56,166.72,15.00,43.30
187.90,168.36,15.00,43.27
189.25,168.03,15.00,43.23
191.67,167.79,15.00,43.20
193.18,166.74,15.00,43.17
194.40,165.40,15.00,43.13
195.47,165.90,15.00,42.20
192.79,167.26,15.00,42.13
193.89,165.56,15.00,43.03
192.00,167.00,15.00,43.00
188.97,169.27,14.90,42.83
184.60,170.84,14.80,42.67
181.40,170.92,14.70,42.50
178.30,167.76,14.60,43.33
177.82,168.23,14.50,42.33
178.09,168.44,14.40,42.20
179.56,167.27,14.30,42.60
180.99,168.79,14.20,42.67
183.08,170.84,14.10,41.80
186.17,173.17,14.00,41.67
188.01,174.44,14.53,42.80
188.12,174.54,14.40,43.00
189.61,174.01,14.27,42.83
192.79,173.79,14.13,42.67
193.61,173.31,14.00,42.00
194.98,170.83,13.87,42.27
195.04,171.17,13.73,41.60
198.07,173.14,13.60,41.40
198.62,174.54,13.47,40.57
198.59,175.68,13.33,40.33
197.73,174.90,13.20,40.80
197.27,175.23,13.07,40.60
196.44,176.87,12.93,40.40
195.22,177.54,12.60,40.00
194.13,178.88,12.50,39.83
192.45,180.50,12.40,39.67
191.86,180.94,12.30,39.50
187.89,182.33,12.20,39.33
183.98,184.19,12.10,39.13
180.00,186.00,12.00,39.00
178.73,185.67,12.33,39.30
178.82,184.04,12.67,39.67
181.30,183.67,13.00,40.00
181.61,185.97,13.33,40.33
186.40,186.98,13.67,40.67
185.52,187.46,14.20,42.00
184.55,186.62,14.57,43.33
185.36,186.50,15.20,43.20
184.47,186.47,15.60,42.90
185.52,185.87,16.00,43.33
185.48,185.17,16.40,44.40
184.69,184.80,16.80,44.80
184.70,184.71,17.20,44.63
184.70,184.32,17.60,45.07
184.71,184.31,18.00,46.00
184.71,185.13,18.40,45.93
184.60,183.77,18.23,46.23
182.95,181.18,18.60,46.60
181.29,178.03,18.97,46.97
179.92,176.13,19.33,46.33
179.57,174.86,20.40,48.40
178.54,176.13,20.80,48.80
175.01,176.13,21.20,48.97
172.61,170.59,21.60,50.20
172.34,167.30,22.00,50.67
172.45,165.18,22.40,51.13
172.68,164.43,22.80,52.50
176.42,167.31,23.20,53.00
176.57,169.12,23.60,52.57
179.00,171.00,24.00,53.00
180.70,170.97,24.07,53.00
182.37,170.90,24.20,53.07
184.16,170.80,24.30,53.20
184.00,170.73,24.40,53.27
181.86,170.58,24.67,53.50
181.69,170.91,24.80,53.60
181.51,170.41,24.93,53.70
179.39,170.51,25.07,54.53
181.14,173.13,25.20,53.90
183.40,176.15,25.00,54.33
182.91,175.78,25.73,55.00
180.58,175.55,26.20,55.40
178.61,176.39,25.87,55.00
177.67,177.46,25.93,55.00
176.31,177.17,26.50,55.50
173.86,175.69,26.60,56.53
173.47,175.76,27.13,56.43
173.30,174.15,27.20,57.20
171.07,171.77,27.27,57.73
170.57,170.21,28.00,58.33
170.54,172.41,27.80,58.10
170.76,173.57,28.20,59.20
170.51,175.15,28.30,59.30
169.57,179.21,29.00,60.00
169.36,181.37,29.17,60.17
169.07,181.26,29.47,60.47
171.11,181.23,29.60,60.60
168.21,180.87,30.67,61.67
166.27,184.04,29.87,60.93
166.00,184.00,30.00,61.00
166.19,184.32,29.47,60.90
164.19,183.00,28.00,59.80
161.80,182.94,28.30,60.50
160.04,182.81,27.87,60.47
155.90,178.00,28.17,61.33
156.51,176.06,26.80,60.60
156.73,175.81,27.03,61.77
154.62,179.12,26.00,61.27
153.23,181.07,25.50,61.30
153.17,180.54,25.67,63.00
153.13,180.41,25.77,63.90
155.59,180.57,25.20,64.20
159.81,181.14,24.63,63.70
163.05,181.24,24.07,64.13
160.60,183.03,23.00,63.00
160.61,179.94,22.93,63.87
163.71,178.19,22.37,64.43
164.20,178.53,21.40,62.60
163.50,178.24,20.50,62.27
163.53,177.80,20.33,62.67
161.60,176.77,20.10,63.60
161.85,175.50,19.53,63.07
162.10,177.41,18.97,62.93
161.29,179.19,17.60,60.40
159.47,179.74,17.17,60.33
159.29,180.96,17.27,62.53
157.66,183.16,16.70,62.40
156.24,183.47,16.13,63.20
154.56,184.06,15.60,63.13
153.00,190.00,15.00,63.00
150.87,194.87,15.63,63.33
148.69,199.88,16.27,63.80
146.66,205.96,16.90,65.10
146.39,210.90,17.53,65.47
144.02,212.13,18.33,66.00
141.45,213.49,19.00,66.40
142.45,213.93,20.13,67.50
144.43,213.51,20.87,67.27
145.46,212.08,21.60,67.80
142.37,212.53,22.33,68.33
141.30,212.93,23.70,70.77
144.58,205.92,23.80,70.80
143.04,210.72,24.53,70.50
142.63,214.63,25.27,71.40
144.09,220.72,26.50,72.50
145.68,219.05,27.27,73.60
144.35,217.81,28.60,74.90
142.01,216.26,30.00,76.80
139.53,217.57,30.83,77.93
139.19,216.83,31.67,78.33
135.60,215.36,32.50,79.10
134.79,214.62,33.33,80.60
135.13,213.51,34.17,80.87
132.05,209.22,35.20,82.80
127.55,204.77,36.67,84.83
124.24,203.80,37.53,85.67
123.19,198.78,39.40,88.50
116.54,197.71,40.20,89.20
115.30,200.00,41.10,90.10
115.00,199.00,42.00,91.00
114.82,198.91,42.07,91.30
111.06,197.90,43.07,93.47
114.37,197.84,43.10,93.70
117.70,197.79,43.13,93.93
120.45,197.74,43.17,94.17
118.10,201.80,42.40,92.80
120.20,203.75,42.70,94.03
126.17,198.94,45.00,100.33
126.68,199.77,43.90,96.90
126.58,199.64,44.00,97.33
126.49,197.39,44.10,97.77
126.20,195.48,44.60,99.00
125.81,194.73,45.30,100.63
125.45,193.52,45.93,103.20
121.43,193.19,46.50,104.00
116.86,187.86,48.07,107.33
116.77,183.95,48.13,107.67
114.32,183.83,48.20,108.00
112.86,179.94,48.00,108.17
108.98,179.91,48.00,108.33
105.52,178.47,49.40,111.30
104.93,181.22,50.20,113.80
107.34,183.24,51.30,116.20
108.08,183.43,51.20,116.20
107.83,184.02,51.33,116.67
115.17,177.17,50.87,115.93
116.04,175.94,50.90,116.20
115.39,174.96,51.87,118.33
115.20,179.07,51.93,118.67
115.00,179.00,52.00,119.00
114.79,179.14,52.03,119.03
114.64,179.41,51.93,118.80
118.61,182.90,52.00,118.90
117.84,181.59,53.13,121.27
117.21,175.85,54.00,123.83
117.41,172.69,53.20,121.40
117.07,164.79,53.47,121.93
116.71,163.16,53.80,122.87
115.96,158.53,54.90,125.80
115.32,158.44,55.00,126.00
114.22,156.22,56.73,130.47
110.18,158.95,56.20,128.80
109.14,154.90,57.87,133.17
104.86,151.91,58.87,134.27
104.66,149.51,59.00,134.50
103.76,148.00,60.53,137.53
103.10,146.70,61.57,140.13
102.35,144.87,62.80,143.80
107.42,148.43,62.63,143.27
112.47,150.70,62.33,142.33
112.91,150.18,62.70,143.40
115.19,147.56,65.20,148.67
116.29,151.55,65.30,148.83
115.24,150.28,67.00,153.80
114.78,154.44,67.50,154.67
113.22,147.15,70.20,160.13
112.87,151.92,70.50,160.90
112.22,151.95,70.67,161.27
112.11,151.97,70.83,161.63
112.00,152.00,71.00,162.00
117.13,151.83,71.60,160.87
116.49,151.57,72.33,159.93
115.88,151.35,73.00,158.90
115.14,156.67,73.93,158.13
118.99,154.18,77.50,163.50
118.16,158.66,78.60,163.00
117.25,159.54,79.83,162.47
116.29,159.05,81.20,162.33
119.43,162.64,82.70,162.40
120.20,167.37,84.33,163.67
116.23,164.81,87.17,167.27
115.33,170.85,88.00,166.20
117.98,178.85,87.10,162.53
115.88,176.58,90.73,165.67
115.22,182.76,91.50,164.50
115.63,181.69,93.20,165.20
114.67,180.77,94.33,165.63
112.75,181.64,97.40,167.80
110.97,186.26,100.20,169.93
109.18,184.44,103.00,171.67
113.63,191.39,102.70,169.50
111.85,188.88,105.93,172.60
111.03,187.62,108.10,173.20
109.25,185.86,111.20,174.80
113.87,194.04,109.83,170.67
111.90,192.20,113.07,172.40
111.27,192.22,113.60,170.40
109.65,190.75,116.13,171.40
108.82,190.37,117.07,170.20
108.00,190.00,118.00,169.00
99.19,189.15,120.43,166.37
97.44,194.92,123.07,163.87
94.83,192.45,127.40,164.00
86.33,192.12,130.93,161.73
82.77,198.21,137.67,163.17
80.71,203.03,141.40,161.00
77.53,201.15,147.37,163.40
75.96,206.02,150.13,160.60
80.88,203.23,155.50,161.20
78.59,205.43,159.67,157.00
77.76,205.78,160.93,151.87
83.22,205.08,165.00,148.80
82.14,205.12,166.80,144.27
80.16,211.70,170.40,142.13
85.94,210.57,174.00,140.00
86.63,215.87,181.13,140.80
84.94,214.80,184.77,138.60
90.09,220.17,184.80,133.60
98.51,223.01,186.93,129.27
99.39,223.28,192.00,129.33
100.79,232.21,196.50,128.40
99.28,230.60,204.80,130.53
107.66,236.17,205.13,126.43
102.12,241.22,216.80,128.40
99.51,241.13,224.67,128.00
106.04,247.18,232.47,126.93
102.93,246.02,236.40,124.60
94.13,239.86,253.93,129.20
98.94,237.03,262.70,128.40
97.00,235.00,267.00,126.00
96.10,234.13,260.30,123.50
102.45,231.86,258.27,123.80
112.84,241.13,246.80,118.40
102.47,236.01,259.13,124.53
113.57,244.92,246.50,119.83
120.56,244.92,239.40,117.20
125.77,247.56,250.77,123.07
129.23,249.74,247.67,122.40
134.37,247.50,239.80,119.50
131.23,246.35,235.33,118.00
134.42,252.69,227.33,115.07
137.18,250.38,222.60,113.60
149.59,249.41,207.27,106.83
147.34,247.01,196.40,102.53
151.16,244.79,191.00,100.50
147.23,247.53,185.13,98.20
140.04,251.55,179.37,96.20
137.29,256.77,172.40,93.40
146.23,246.58,165.43,91.13
141.81,251.26,155.00,87.33
130.09,256.21,150.00,85.60
114.87,267.41,145.40,85.20
110.97,270.50,140.40,83.97
105.94,273.91,132.80,81.20
98.02,278.35,126.17,78.83
94.87,276.16,120.33,77.40
89.86,283.04,108.30,72.00
99.79,285.59,98.20,68.00
89.86,292.63,93.67,68.70
85.00,296.00,84.00,65.00
85.22,298.85,83.07,64.50
89.72,297.83,82.20,64.07
76.03,297.25,83.10,64.50
80.17,297.05,82.13,64.00
75.10,302.24,86.83,68.33
66.22,307.57,91.40,72.60
71.77,312.54,87.13,69.63
67.57,315.91,90.00,71.53
62.05,313.87,94.00,74.70
52.88,315.27,93.33,74.67
50.47,317.60,91.57,73.53
80.55,318.43,94.00,75.40
78.50,313.75,88.30,70.97
70.07,311.21,87.93,71.27
61.33,310.45,88.00,71.50
43.08,313.65,87.47,71.67
54.29,308.87,84.57,69.47
44.97,310.49,82.80,68.40
41.67,309.74,80.73,67.03
36.25,311.22,78.67,65.67
30.65,311.13,75.90,63.60
42.34,323.42,76.40,64.53
51.62,320.69,73.27,61.67
66.12,316.16,70.80,60.00
72.16,312.97,70.50,60.33
73.43,311.01,70.87,60.80
75.31,317.13,69.30,60.00
86.81,315.39,70.60,62.07
97.49,301.03,69.27,61.50
103.00,301.00,67.00,60.00
108.11,300.85,73.90,61.97
110.94,297.16,80.47,63.80
113.62,297.68,87.70,65.90
119.52,297.50,95.40,68.13
124.91,288.64,101.50,70.33
123.65,284.83,107.20,71.60
124.82,284.05,110.40,71.67
123.51,282.60,113.07,71.33
121.20,277.89,121.30,74.40
113.46,284.51,129.33,77.33
115.81,282.93,137.17,80.77
119.43,280.92,143.00,82.20
121.78,283.72,145.97,82.20
124.06,289.11,153.60,84.53
133.71,290.31,157.00,84.00
132.57,284.49,166.80,88.40
127.85,283.01,170.77,89.53
133.23,284.75,170.00,87.60
143.61,285.19,172.53,88.27
143.59,287.67,178.33,89.67
150.53,286.76,182.80,90.40
158.19,281.70,185.00,90.00
164.04,283.04,180.03,86.40
163.02,285.47,184.60,87.20
170.90,285.60,185.67,86.00
174.20,285.77,190.27,87.07
177.38,285.04,195.10,88.00
185.91,276.85,203.33,90.73
189.62,276.54,207.60,91.33
193.00,269.00,212.00,92.00
192.17,261.62,210.20,92.70
193.26,262.14,208.40,93.40
186.83,258.51,206.30,93.90
187.46,258.88,204.00,94.27
197.23,260.80,195.33,91.50
204.05,259.50,194.20,92.60
207.15,260.60,186.43,91.07
213.85,260.50,185.07,91.93
218.15,259.79,185.50,94.00
219.27,259.79,181.33,94.67
227.22,255.68,179.20,95.20
241.33,256.63,176.00,94.40
246.02,264.26,172.00,93.43
259.31,274.11,168.13,93.80
262.77,274.30,167.50,95.00
269.24,274.96,165.47,95.27
270.90,276.12,160.20,94.53
270.26,275.28,164.40,97.80
281.89,282.24,161.30,98.33
290.51,283.07,159.00,98.33
282.93,279.08,156.80,98.70
282.00,276.03,164.80,106.00
289.77,270.30,162.40,105.20
300.34,270.16,162.20,106.60
307.38,263.31,162.00,108.00
313.02,260.67,161.80,109.40
317.09,252.51,164.70,113.60
317.69,253.50,161.40,112.20
324.19,247.99,158.43,111.70
323.00,248.00,158.00,113.00
331.58,248.93,156.07,112.90
334.80,251.15,151.33,110.93
341.83,251.33,152.20,112.70
346.20,253.82,145.07,109.13
353.11,254.52,143.67,109.67
362.47,257.03,138.20,106.60
363.21,257.20,137.83,108.20
364.92,257.94,135.53,108.67
366.99,261.00,132.50,108.10
367.13,266.57,129.33,107.00
366.82,266.36,130.67,109.37
367.51,266.82,130.00,110.40
365.35,268.14,125.93,109.73
369.08,274.24,125.33,111.20
371.56,273.34,127.00,115.00
371.22,267.61,128.40,116.13
365.21,265.91,128.93,118.97
363.03,261.78,134.00,125.80
366.16,254.83,134.93,129.13
361.34,256.94,132.33,127.33
368.89,258.25,131.30,127.10
375.45,254.99,125.47,122.33
371.35,248.48,126.07,125.47
372.40,244.09,123.00,123.60
366.93,236.26,125.50,129.50
366.98,231.31,125.20,130.87
369.06,232.47,122.90,129.40
366.73,236.20,116.87,125.33
359.84,228.38,120.87,131.07
361.00,229.00,120.00,132.00
354.88,229.45,119.27,133.07
348.75,229.91,118.53,134.13
355.29,225.35,116.20,132.80
354.45,224.59,117.07,136.27
354.58,218.96,116.00,136.83
355.18,219.07,114.00,136.00
357.09,221.46,112.40,135.77
364.62,223.08,109.13,134.47
363.76,216.72,110.50,136.80
371.99,213.43,105.67,133.33
371.55,206.96,106.20,136.17
370.61,208.41,104.20,135.20
370.34,199.41,104.60,137.83
368.38,194.59,102.73,137.07
366.57,196.13,100.00,135.50
370.10,190.72,98.20,134.80
364.44,187.86,97.40,135.60
364.47,186.21,96.80,135.40
365.02,181.36,95.17,135.30
362.89,174.16,95.00,138.00
363.56,175.59,93.50,136.70
364.10,172.29,92.27,136.53
365.95,166.99,91.23,136.97
367.18,168.88,88.20,134.40
373.21,171.35,84.67,130.67
372.95,165.33,85.00,133.27
373.35,165.73,84.00,133.70
375.75,163.73,79.00,128.20
375.15,157.74,80.00,131.60
369.00,158.00,79.00,132.00
358.63,158.02,78.59,131.69
360.15,160.36,75.38,126.72
365.91,167.37,72.38,122.10
364.83,169.56,75.34,127.48
365.62,170.86,73.59,124.59
365.66,172.13,71.52,121.72
359.81,172.40,70.86,120.86
350.51,168.51,69.69,118.97
350.51,168.56,69.28,118.59
350.51,168.62,68.86,118.21
341.27,169.29,67.83,116.59
336.67,170.14,66.62,114.62
326.63,165.77,66.17,114.17
317.95,166.66,64.69,112.17
318.50,171.52,64.34,111.90
319.16,176.83,62.59,109.69
319.67,177.42,61.14,108.31
318.16,173.89,60.41,106.90
312.06,177.50,59.10,104.72
312.37,175.60,58.10,103.17
313.21,173.40,56.03,99.48
304.90,173.48,55.66,99.17
305.21,173.13,54.66,98.03
301.41,170.23,54.38,97.86
297.29,172.70,54.83,99.14
297.23,173.19,54.62,99.10
293.34,176.86,54.48,99.21
290.99,183.40,51.31,93.24
291.00,180.00,51.00,93.00
284.13,179.31,49.97,91.70
280.83,178.61,48.93,90.40
276.72,209.62,47.90,89.10
281.60,215.16,45.13,84.47
286.35,222.12,45.00,84.83
291.81,222.22,43.20,82.20
303.24,223.65,43.00,82.60
308.15,214.17,40.53,79.47
313.93,212.53,39.60,78.40
319.59,211.58,38.00,75.67
323.28,221.31,35.20,71.47
319.83,206.23,34.40,71.00
320.87,211.47,34.73,71.87
321.37,215.45,34.33,71.40
317.28,214.45,33.00,70.00
318.58,212.56,31.73,68.20
319.50,215.93,30.97,67.40
320.13,221.07,29.80,66.00
312.73,214.66,29.43,66.43
305.10,209.29,29.33,65.67
295.97,207.58,28.90,66.20
285.31,204.33,28.13,66.87
266.33,190.74,28.13,67.67
257.52,189.88,27.80,67.60
246.99,188.34,26.83,65.67
237.39,181.64,25.93,64.80
225.41,170.53,25.70,65.80
215.63,165.87,24.80,63.93
208.68,158.04,23.73,63.67
200.00,154.00,23.00,63.00
