209.00,39.00,162.00,237.00
208.06,39.12,163.60,236.77
207.12,39.23,165.20,236.53
206.18,39.35,166.80,236.30
205.24,39.47,168.40,236.07
204.30,39.58,170.00,235.83
203.36,39.70,171.60,235.60
202.42,39.82,173.20,235.37
201.48,39.93,174.80,235.13
194.23,40.05,176.40,234.90
193.59,40.17,178.00,234.67
189.36,40.28,179.60,234.43
188.39,40.40,181.20,234.20
187.43,40.52,182.80,233.97
186.46,40.63,184.40,233.73
185.49,40.75,186.00,233.50
184.53,40.87,187.60,233.27
183.56,40.98,189.20,233.03
182.60,41.10,190.80,232.80
181.63,41.22,192.40,232.57
182.50,43.50,190.33,228.00
181.55,43.60,191.90,227.80
180.60,43.70,193.47,227.60
179.65,43.80,195.03,227.40
177.10,42.30,199.80,230.40
175.83,41.92,202.00,231.17
173.13,39.87,207.07,235.27
172.10,39.90,208.80,235.20
171.07,39.93,210.53,235.13
170.03,39.97,212.27,235.07
169.00,40.00,214.00,235.00
167.63,39.93,214.90,235.47
166.27,39.87,215.80,235.93
164.90,39.80,216.70,236.40
163.53,39.73,217.60,236.87
162.17,39.67,218.50,237.33
160.80,39.60,219.40,237.80
159.43,39.53,220.30,238.27
158.07,39.47,221.20,238.73
156.70,39.40,222.10,239.20
155.33,39.33,223.00,239.67
153.97,39.27,223.90,240.13
158.55,39.20,224.80,240.60
156.85,39.13,225.70,241.07
156.22,40.40,224.47,238.87
154.46,40.25,225.50,239.50
152.69,40.10,226.53,240.13
150.93,39.95,227.57,240.77
149.17,39.80,228.60,241.40
147.40,39.65,229.63,242.03
145.64,39.50,230.67,242.67
143.87,39.35,231.70,243.30
142.11,39.20,232.73,243.93
140.35,39.05,233.77,244.57
138.58,38.90,234.80,245.20
136.82,38.75,235.83,245.83
135.32,38.87,236.33,245.93
133.49,38.65,237.50,246.70
131.66,38.43,238.67,247.47
129.83,38.22,239.83,248.23
128.00,38.00,241.00,249.00
127.78,37.51,242.93,249.47
127.57,37.01,244.87,249.93
127.35,36.52,246.80,250.40
127.13,36.02,248.73,250.87
126.92,35.53,250.67,251.33
126.70,35.03,252.60,251.80
126.48,34.54,254.53,252.27
126.27,34.04,256.47,252.73
126.05,33.55,258.40,253.20
125.83,33.05,260.33,253.67
125.62,32.56,262.27,254.13
125.40,32.06,264.20,254.60
123.88,30.49,268.73,257.23
123.57,29.91,270.87,257.87
123.25,29.33,273.00,258.50
122.93,28.75,275.13,259.13
122.62,32.67,277.27,259.77
121.30,30.74,281.40,262.40
122.97,31.48,279.57,259.70
128.50,35.73,270.00,250.00
128.65,42.46,271.20,249.80
128.80,42.30,272.40,249.60
128.95,42.14,273.60,249.40
129.10,41.97,274.80,249.20
129.25,41.81,276.00,249.00
129.40,41.65,277.20,248.80
129.55,41.49,278.40,248.60
129.70,41.32,279.60,248.40
129.85,41.16,280.80,248.20
130.00,41.00,282.00,248.00
130.44,41.17,280.40,247.97
130.89,41.33,278.80,247.93
131.33,41.50,277.20,247.90
131.78,41.67,275.60,247.87
132.22,41.83,274.00,247.83
132.66,42.00,272.40,247.80
133.11,42.17,270.80,247.77
133.55,42.33,269.20,247.73
133.99,42.50,267.60,247.70
134.44,42.67,266.00,247.67
134.88,42.83,264.40,247.63
135.33,43.00,262.80,247.60
131.30,43.17,261.20,247.57
131.40,43.33,259.60,247.53
131.50,43.50,258.00,247.50
131.60,43.67,256.40,247.47
131.70,43.83,254.80,247.43
131.80,44.00,253.20,247.40
131.90,44.17,251.60,247.37
132.00,44.33,250.00,247.33
129.77,44.50,248.40,247.30
130.93,45.33,245.20,245.93
131.19,45.42,243.80,246.07
131.45,45.50,242.40,246.20
131.71,45.58,241.00,246.33
131.97,45.67,239.60,246.47
132.22,45.75,238.20,246.60
132.48,45.83,236.80,246.73
132.74,45.92,235.40,246.87
133.00,46.00,234.00,247.00
133.33,45.90,233.70,247.17
133.67,45.80,233.40,247.33
134.00,45.70,233.10,247.50
134.33,45.60,232.80,247.67
134.67,45.50,232.50,247.83
135.00,45.40,232.20,248.00
135.33,45.30,231.90,248.17
135.67,45.20,231.60,248.33
136.00,45.10,231.30,248.50
136.33,45.00,231.00,248.67
136.67,44.90,230.70,248.83
137.00,44.80,230.40,249.00
137.33,44.70,230.10,249.17
137.67,44.60,229.80,249.33
138.00,44.50,229.50,249.50
138.33,44.40,229.20,249.67
138.67,44.30,228.90,249.83
139.00,44.20,228.60,250.00
139.33,44.10,228.30,250.17
139.67,44.00,228.00,250.33
140.00,43.90,227.70,250.50
140.33,43.80,227.40,250.67
140.67,43.70,227.10,250.83
141.00,43.60,226.80,251.00
141.33,43.50,226.50,251.17
141.67,43.40,226.20,251.33
142.00,43.30,225.90,251.50
142.33,43.20,225.60,251.67
142.67,43.10,225.30,251.83
143.00,43.00,225.00,252.00
143.07,42.90,224.93,251.90
143.13,42.80,224.87,251.80
143.20,42.70,224.80,251.70
143.27,42.60,224.73,251.60
143.33,42.50,224.67,251.50
143.40,42.40,224.60,251.40
143.47,42.30,224.53,251.30
143.53,42.20,224.47,251.20
143.60,42.10,224.40,251.10
143.67,42.00,224.33,251.00
143.73,41.90,224.27,250.90
143.80,41.80,224.20,250.80
143.87,41.70,224.13,250.70
143.93,41.60,224.07,250.60
144.00,41.50,224.00,250.50
144.07,41.40,223.93,250.40
144.13,41.30,223.87,250.30
144.20,41.20,223.80,250.20
144.27,41.10,223.73,250.10
144.33,41.00,223.67,250.00
144.40,40.90,223.60,249.90
144.47,40.80,223.53,249.80
144.53,40.70,223.47,249.70
144.60,40.60,223.40,249.60
144.67,40.50,223.33,249.50
144.73,39.04,223.27,249.40
145.25,39.78,222.30,248.30
145.30,40.02,222.27,248.20
145.15,40.01,222.63,248.60
145.00,40.00,223.00,249.00
145.51,40.31,222.63,248.50
146.02,40.62,222.27,248.00
144.73,38.68,225.50,252.00
145.30,39.08,225.00,251.33
145.46,39.14,225.33,251.33
145.95,39.47,225.00,250.80
144.53,37.88,228.50,254.10
144.57,37.62,229.07,254.73
145.08,37.95,228.70,254.20
143.92,36.61,231.67,257.00
144.51,37.02,231.13,256.30
145.11,37.43,230.60,255.60
145.70,37.85,230.07,254.90
146.29,38.26,229.53,254.20
146.88,38.67,229.00,253.50
147.48,39.08,228.47,252.80
148.07,39.49,227.93,252.10
148.66,39.90,227.40,251.40
149.25,40.31,226.87,250.70
149.84,40.72,226.33,250.00
117.41,62.24,225.80,249.30
118.03,62.54,225.27,248.60
118.65,62.85,224.73,247.90
119.27,63.16,224.20,247.20
119.89,63.47,223.67,246.50
120.51,63.77,223.13,245.80
121.14,64.08,222.60,245.10
121.76,64.39,222.07,244.40
122.38,64.69,221.53,243.70
123.00,65.00,221.00,243.00
123.23,64.98,220.80,242.80
123.47,64.97,220.60,242.60
123.70,64.95,220.40,242.40
123.93,64.93,220.20,242.20
124.17,64.92,220.00,242.00
124.40,64.90,219.80,241.80
124.63,64.88,219.60,241.60
124.87,64.87,219.40,241.40
125.10,64.85,219.20,241.20
125.33,64.83,219.00,241.00
124.83,63.90,220.27,242.63
125.00,63.80,220.20,242.60
125.17,63.70,220.13,242.57
125.33,63.60,220.07,242.53
125.50,63.50,220.00,242.50
124.73,62.23,221.80,244.80
124.97,62.22,221.60,244.60
125.20,62.20,221.40,244.40
125.43,62.18,221.20,244.20
124.83,61.33,222.67,245.67
125.15,61.40,222.30,245.30
125.47,61.47,221.93,244.93
125.78,61.53,221.57,244.57
126.10,61.60,221.20,244.20
126.42,61.67,220.83,243.83
126.73,61.73,220.47,243.47
127.05,61.80,220.10,243.10
127.37,61.87,219.73,242.73
127.68,61.93,219.37,242.37
128.00,62.00,219.00,242.00
127.85,62.02,219.03,242.20
127.70,62.03,219.07,242.40
127.55,62.05,219.10,242.60
127.40,62.07,219.13,242.80
127.25,62.08,219.17,243.00
127.10,62.10,219.20,243.20
126.95,62.12,219.23,243.40
126.80,62.13,219.27,243.60
126.65,62.15,219.30,243.80
126.50,62.17,219.33,244.00
126.35,62.18,219.37,244.20
125.40,61.20,221.00,246.40
124.32,60.05,222.90,248.93
122.97,58.57,225.33,252.13
122.75,58.50,225.50,252.50
122.53,58.43,225.67,252.87
122.32,58.37,225.83,253.23
122.10,58.30,226.00,253.60
120.97,57.32,228.00,255.80
120.83,57.33,228.00,256.00
120.70,57.35,228.00,256.20
120.57,57.37,228.00,256.40
120.43,57.38,228.00,256.60
120.80,57.90,227.00,255.80
118.50,55.75,231.33,260.33
118.20,55.60,231.67,260.87
117.65,55.20,232.50,261.90
117.43,55.13,232.67,262.27
117.22,55.07,232.83,262.63
117.00,55.00,233.00,263.00
116.65,54.72,233.37,263.50
116.30,54.43,233.73,264.00
115.95,54.15,234.10,264.50
115.60,53.87,234.47,265.00
115.25,53.58,234.83,265.50
114.90,53.30,235.20,266.00
114.55,53.02,235.57,266.50
114.20,52.73,235.93,267.00
113.85,52.45,236.30,267.50
113.50,52.17,236.67,268.00
113.15,51.88,237.03,268.50
112.80,51.60,237.40,269.00
112.45,51.32,237.77,269.50
112.10,51.03,238.13,270.00
111.75,50.75,238.50,270.50
111.40,50.47,238.87,271.00
111.05,50.18,239.23,271.50
110.70,49.90,239.60,272.00
110.35,49.62,239.97,272.50
111.67,51.00,237.00,269.67
111.40,50.80,237.20,270.00
110.47,49.93,238.73,271.67
110.28,49.82,238.77,271.83
110.10,49.70,238.80,272.00
109.92,49.58,238.83,272.17
109.73,49.47,238.87,272.33
109.55,49.35,238.90,272.50
109.37,49.23,238.93,272.67
109.18,49.12,238.97,272.83
109.00,49.00,239.00,273.00
108.92,49.18,239.20,273.00
108.83,49.37,239.40,273.00
108.75,49.55,239.60,273.00
108.67,49.73,239.80,273.00
108.58,49.92,240.00,273.00
108.50,50.10,240.20,273.00
108.42,50.28,240.40,273.00
108.33,50.47,240.60,273.00
108.25,50.65,240.80,273.00
108.17,50.83,241.00,273.00
108.08,51.02,241.20,273.00
108.00,51.20,241.40,273.00
109.00,52.47,239.43,270.83
109.00,52.73,239.47,270.67
109.00,53.00,239.50,270.50
109.00,53.27,239.53,270.33
109.00,53.53,239.57,270.17
109.00,53.80,239.60,270.00
109.00,54.07,239.63,269.83
109.00,54.33,239.67,269.67
109.00,54.60,239.70,269.50
109.00,54.87,239.73,269.33
109.00,55.13,239.77,269.17
109.00,55.40,239.80,269.00
109.00,55.67,239.83,268.83
109.00,55.93,239.87,268.67
108.75,55.95,240.40,269.00
108.83,56.30,240.27,268.67
108.92,56.65,240.13,268.33
109.00,57.00,240.00,268.00
108.13,57.23,241.13,267.90
107.27,57.47,242.27,267.80
106.40,57.70,243.40,267.70
103.37,55.77,248.87,271.93
102.58,56.08,249.83,271.67
101.80,56.40,250.80,271.40
101.02,56.72,251.77,271.13
100.23,57.03,252.73,270.87
99.45,57.35,253.70,270.60
98.67,57.67,254.67,270.33
97.88,57.98,255.63,270.07
97.10,58.30,256.60,269.80
96.32,58.62,257.57,269.53
94.20,57.33,261.20,272.47
93.50,57.75,262.00,272.00
92.80,58.17,262.80,271.53
92.10,58.58,263.60,271.07
91.40,59.00,264.40,270.60
90.70,59.42,265.20,270.13
90.00,59.83,266.00,269.67
89.30,60.25,266.80,269.20
89.27,61.47,266.27,267.13
88.48,61.78,267.23,266.87
87.70,62.10,268.20,266.60
86.92,62.42,269.17,266.33
86.13,62.73,270.13,266.07
85.35,63.05,271.10,265.80
84.57,63.37,272.07,265.53
83.78,63.68,273.03,265.27
83.00,64.00,274.00,265.00
83.18,63.98,275.30,264.77
83.36,63.97,276.60,264.53
83.55,63.95,277.90,264.30
83.73,63.93,279.20,264.07
83.91,63.92,280.50,263.83
84.09,63.90,281.80,263.60
84.97,64.47,281.70,262.20
82.49,64.53,282.80,261.80
75.18,64.60,283.90,261.40
75.46,64.67,285.00,261.00
75.74,64.73,286.10,260.60
76.02,64.80,287.20,260.20
76.30,64.87,288.30,259.80
71.75,64.93,289.40,259.40
67.76,66.25,288.00,256.50
67.95,66.23,289.27,256.27
68.15,66.22,290.53,256.03
68.35,66.20,291.80,255.80
70.45,67.77,289.27,252.40
60.39,67.83,290.33,252.00
60.69,67.90,291.40,251.60
60.99,67.97,292.47,251.20
61.28,68.03,293.53,250.80
61.58,68.10,294.60,250.40
57.65,66.08,300.67,254.17
49.21,66.07,301.93,253.93
49.41,66.05,303.20,253.70
49.61,66.03,304.47,253.47
49.80,66.02,305.73,253.23
50.00,66.00,307.00,253.00
50.70,65.90,307.80,252.90
51.40,65.80,308.60,252.80
52.11,65.70,309.40,252.70
52.81,65.60,310.20,252.60
53.51,65.50,311.00,252.50
47.99,65.40,311.80,252.40
46.54,65.30,312.60,252.30
47.15,65.20,313.40,252.20
47.77,65.10,314.20,252.10
48.38,65.00,315.00,252.00
49.00,64.90,315.80,251.90
49.62,64.80,316.60,251.80
50.23,64.70,317.40,251.70
50.85,64.60,318.20,251.60
46.29,64.50,319.00,251.50
44.69,63.07,323.53,254.07
40.35,62.88,324.57,254.13
40.85,62.70,325.60,254.20
41.35,62.52,326.63,254.27
44.19,64.00,323.00,251.00
36.66,63.15,325.60,252.40
37.03,63.13,326.20,252.13
34.98,63.12,326.80,251.87
35.70,63.10,327.40,251.60
36.42,63.08,328.00,251.33
37.13,63.07,328.60,251.07
38.15,63.30,328.60,250.30
38.77,63.20,329.40,250.20
39.38,63.10,330.20,250.10
40.00,63.00,331.00,250.00
42.61,63.07,329.83,250.13
44.52,63.13,328.67,250.27
46.79,63.20,327.50,250.40
49.05,63.27,326.33,250.53
51.31,63.33,325.17,250.67
53.57,63.40,324.00,250.80
55.83,63.47,322.83,250.93
58.09,63.53,321.67,251.07
60.36,63.60,320.50,251.20
62.62,63.67,319.33,251.33
64.88,63.73,318.17,251.47
68.94,65.30,313.40,248.60
71.10,65.28,312.43,248.90
71.87,64.10,314.27,251.53
73.93,64.00,313.50,252.00
77.59,65.23,309.53,249.80
78.29,65.22,308.57,250.10
78.81,65.20,307.60,250.40
80.80,65.18,306.63,250.70
82.79,65.17,305.67,251.00
81.67,65.15,304.70,251.30
84.00,65.13,303.73,251.60
78.41,65.12,302.77,251.90
80.40,65.10,301.80,252.20
80.66,65.08,300.83,252.50
83.47,65.40,298.93,252.13
76.38,65.30,298.20,252.60
78.02,64.69,297.93,253.40
80.01,64.84,296.97,253.70
82.00,65.00,296.00,254.00
81.44,65.55,294.90,252.23
80.88,66.09,293.80,250.47
83.02,68.89,287.30,244.20
82.36,69.35,286.40,242.60
73.49,70.14,284.67,240.33
71.19,70.67,283.60,238.60
70.61,71.20,282.53,236.87
67.83,69.89,285.87,238.80
60.12,70.51,284.60,236.90
59.99,71.12,283.33,235.00
59.86,71.73,282.07,233.10
57.38,73.84,277.20,228.20
55.72,73.50,278.30,228.20
49.71,74.37,277.07,225.80
49.22,74.68,276.50,224.50
50.14,76.16,273.13,220.87
50.98,77.52,269.93,217.47
47.78,75.61,274.80,220.60
47.30,69.37,274.23,219.30
46.82,69.33,273.67,218.00
46.33,69.30,273.10,216.70
45.85,69.27,272.53,215.40
45.37,69.23,271.97,214.10
44.89,67.13,271.40,212.80
45.41,68.19,268.83,210.00
45.06,68.69,268.00,208.33
44.29,68.76,268.00,207.50
43.53,68.84,268.00,206.67
42.76,68.92,268.00,205.83
42.00,69.00,268.00,205.00
42.32,68.69,268.10,206.00
42.64,68.38,268.20,207.00
42.95,68.07,268.30,208.00
42.94,67.42,269.07,209.67
43.59,67.44,268.50,210.00
41.91,65.53,272.60,214.20
39.89,65.29,272.53,215.07
39.94,65.04,272.47,215.93
40.00,64.80,272.40,216.80
39.22,63.72,274.00,219.33
36.99,61.56,278.50,224.03
37.96,66.20,276.60,223.40
37.84,66.13,276.90,224.60
39.11,67.23,274.40,223.47
40.33,68.25,272.00,222.50
41.55,69.53,269.60,221.00
41.52,69.57,269.70,222.00
42.49,74.55,267.80,221.40
40.55,72.70,271.73,225.47
40.61,72.46,271.67,226.33
40.66,72.21,271.60,227.20
40.72,71.96,271.53,228.07
40.77,71.72,271.47,228.93
38.83,69.47,275.40,233.80
38.30,68.81,276.50,235.50
47.33,68.55,276.40,236.40
47.50,67.00,276.80,237.80
45.20,64.84,282.13,243.20
45.60,64.92,282.07,244.10
46.00,65.00,282.00,245.00
46.51,64.65,281.07,245.40
47.20,64.47,279.80,245.47
57.11,64.20,278.70,245.70
54.77,61.77,282.80,250.27
55.54,62.00,280.67,249.50
55.97,61.90,279.20,249.40
54.49,59.88,281.57,253.13
56.84,61.70,276.27,249.20
62.79,59.85,278.30,252.60
62.96,59.83,276.67,252.33
66.93,59.82,275.03,252.07
68.95,61.30,270.40,248.80
71.09,62.62,265.53,245.87
71.42,62.43,264.27,245.93
71.76,62.25,263.00,246.00
73.43,63.40,259.07,243.40
73.85,63.30,257.63,243.30
78.41,63.20,256.20,243.20
84.55,62.43,255.73,244.43
84.79,62.17,254.67,244.67
85.02,61.90,253.60,244.90
87.09,63.47,248.87,241.47
87.41,63.28,247.63,241.53
88.23,63.60,245.40,240.60
88.47,63.33,244.33,240.83
86.20,60.57,248.27,246.07
95.76,60.30,247.20,246.30
96.34,60.03,246.13,246.53
99.34,61.84,240.23,241.93
100.00,62.00,239.00,242.00
