257.00,330.00,52.00,31.00
247.54,321.11,55.48,32.84
237.87,313.52,58.72,34.52
226.57,304.26,61.84,36.16
220.72,298.41,63.44,37.04
209.09,289.35,68.40,39.60
197.78,280.33,72.92,42.32
184.89,269.05,79.36,45.88
173.72,260.94,84.20,48.40
173.76,246.18,85.88,49.48
157.74,234.76,87.40,49.80
140.24,221.62,89.20,50.48
125.67,213.98,88.36,50.12
108.24,203.17,87.00,49.28
65.28,215.07,89.56,50.40
54.68,204.77,92.60,52.00
38.96,209.62,96.00,53.96
41.85,219.89,100.72,56.56
51.80,201.87,101.72,56.80
59.36,203.29,99.44,55.36
81.40,188.41,99.00,55.20
103.08,208.71,107.32,59.92
147.03,249.01,82.96,46.48
140.68,234.22,82.80,46.40
131.14,225.89,81.52,45.28
124.00,223.00,83.00,46.00
123.45,227.02,84.52,45.20
117.39,229.93,88.96,46.32
114.83,233.62,94.56,47.36
110.20,237.35,98.28,48.00
112.79,238.31,99.60,47.00
110.25,241.98,105.16,48.00
112.59,246.36,108.52,47.72
116.20,250.97,111.80,47.00
117.86,254.16,114.12,46.36
118.92,255.48,120.60,47.60
120.42,256.68,120.84,46.12
125.51,259.55,123.72,45.52
126.63,257.91,126.24,45.44
121.26,259.52,129.40,44.32
119.33,260.09,134.00,44.20
116.63,260.66,140.16,44.08
113.38,265.67,144.60,43.96
110.82,268.33,144.24,42.12
107.51,271.91,149.40,42.44
105.86,272.55,153.80,42.20
105.43,274.37,155.76,41.12
103.44,275.34,160.84,39.84
103.12,271.94,162.56,38.56
101.27,271.98,167.36,38.36
101.00,273.00,169.00,37.00
101.05,271.87,167.64,38.40
99.73,265.74,169.04,40.72
106.67,261.68,162.28,40.32
109.95,260.47,163.88,42.76
111.31,256.19,161.60,43.60
116.93,252.02,158.92,44.44
124.64,249.70,159.96,46.68
142.68,237.07,150.36,46.20
150.89,229.35,146.28,46.60
157.50,221.90,143.40,48.00
170.28,230.87,140.76,48.84
169.42,226.89,142.08,50.32
155.24,218.08,139.48,51.68
149.28,211.80,137.12,52.60
151.91,210.49,134.40,52.80
155.87,199.69,135.28,55.40
159.57,184.90,136.28,57.12
163.06,183.43,131.52,56.32
172.67,171.49,130.16,57.56
174.44,169.34,127.80,58.20
158.01,151.03,128.40,60.36
154.16,144.06,127.28,61.52
156.53,143.30,126.00,62.84
159.39,142.85,124.16,63.92
162.00,142.00,122.00,65.00
162.14,143.62,119.72,63.84
162.76,149.54,117.28,62.60
162.97,151.05,114.68,61.28
164.52,157.76,112.24,60.04
164.35,160.57,111.40,59.60
164.22,163.09,109.36,58.56
166.31,164.77,105.48,56.60
168.63,167.06,99.72,53.36
169.15,173.07,97.56,52.28
170.82,173.93,95.00,51.00
172.35,174.05,91.00,49.00
172.89,174.67,89.00,48.00
173.68,175.54,86.48,46.48
179.05,172.97,83.88,45.44
179.12,174.29,80.00,43.20
184.35,173.63,77.16,42.08
188.17,171.59,74.20,40.60
192.08,170.87,71.80,39.40
197.62,170.47,68.16,37.20
202.08,168.18,66.60,36.80
206.29,165.33,65.12,35.64
214.29,162.96,61.96,34.48
217.60,161.65,59.40,33.24
222.92,160.59,56.24,31.16
226.00,161.00,54.00,30.00
226.63,161.46,53.36,30.04
228.64,156.33,55.48,31.92
229.35,156.82,54.60,31.76
231.26,156.50,51.12,30.00
230.28,157.10,50.00,29.40
231.49,155.71,48.40,29.24
233.81,151.16,47.36,28.84
232.91,152.03,45.52,28.64
232.23,151.58,45.68,29.08
233.50,151.45,43.80,28.20
233.43,152.23,41.16,27.32
232.36,151.43,39.68,26.92
237.74,154.13,39.36,27.12
236.21,153.54,39.64,27.36
235.85,149.46,39.40,27.60
233.37,151.57,38.16,27.48
235.85,152.30,36.92,27.08
233.57,153.86,36.68,27.32
231.15,155.25,36.44,27.56
224.46,165.87,36.20,27.80
222.57,170.58,34.28,26.36
221.22,171.07,34.84,27.40
216.18,169.57,35.32,28.36
213.52,170.67,34.20,27.76
210.00,178.00,34.00,28.00
209.67,182.24,33.92,28.64
205.88,183.50,33.84,29.28
202.24,186.34,33.76,29.92
199.87,185.66,34.52,31.40
199.47,188.25,34.60,32.20
198.90,186.43,35.04,33.36
200.14,186.50,35.32,33.36
201.48,187.89,35.40,34.16
201.24,189.05,35.20,34.68
200.43,189.53,35.00,35.20
198.90,189.80,35.36,36.72
197.80,189.55,35.08,37.20
196.92,188.70,34.40,37.28
194.37,186.16,35.20,38.84
191.82,188.33,35.60,40.00
190.78,190.39,34.44,39.60
189.91,191.92,34.28,40.20
188.00,193.70,33.68,40.36
189.61,195.78,33.44,40.12
186.02,199.30,33.20,41.40
184.20,201.76,32.12,40.24
182.11,203.56,30.96,40.68
181.38,207.28,31.56,41.12
178.31,209.14,33.24,44.48
178.00,207.00,33.00,45.00
180.39,189.95,33.72,46.44
176.73,183.40,35.52,49.12
181.10,171.41,35.16,49.32
181.47,168.41,34.20,48.24
186.80,174.17,33.40,48.20
186.39,156.73,34.28,49.08
180.64,151.02,35.16,50.76
192.87,142.85,36.40,53.48
199.66,137.55,37.20,55.04
212.37,147.33,38.00,56.60
222.24,144.79,38.80,58.16
224.97,154.88,38.12,57.24
227.95,172.34,38.84,58.16
227.51,193.81,39.52,60.04
223.53,200.38,39.20,58.80
217.19,200.23,38.24,57.84
220.09,200.25,37.52,57.72
228.26,198.72,37.36,57.44
233.88,197.88,38.64,60.04
228.38,193.80,40.80,62.80
223.98,191.30,42.28,65.72
223.92,191.11,41.20,64.40
223.70,192.20,41.72,65.44
223.15,193.23,42.40,66.80
220.00,195.00,43.00,68.00
213.31,195.14,43.68,66.56
206.03,197.44,45.20,65.96
198.91,199.17,46.56,66.20
192.21,201.94,47.08,64.60
185.12,206.16,48.40,63.80
180.33,208.00,49.64,63.68
173.56,209.99,50.08,62.68
166.44,211.45,51.20,62.28
160.18,212.83,51.60,60.44
155.19,214.94,52.20,58.80
149.72,216.44,51.40,55.20
142.74,216.41,51.80,53.40
136.13,216.56,52.20,51.60
128.91,215.39,53.04,50.68
122.99,216.29,53.80,49.20
115.72,214.03,54.48,48.00
108.67,212.73,55.76,47.00
103.11,211.68,56.04,45.00
96.37,210.34,57.32,43.48
86.55,201.18,52.80,39.00
84.80,194.67,51.96,37.08
76.52,194.38,53.72,35.80
73.27,194.70,55.40,34.28
68.64,192.95,57.08,32.52
72.00,194.00,57.00,30.00
75.46,197.15,58.32,29.68
78.12,199.11,61.56,30.36
77.72,198.85,66.84,31.92
79.90,201.76,66.96,30.56
84.13,201.75,69.00,31.00
84.94,202.33,72.20,31.60
83.67,201.91,74.52,31.48
81.23,202.41,79.20,32.80
78.96,202.93,81.32,32.40
77.25,204.28,86.80,33.60
76.40,206.14,88.28,33.16
73.84,206.21,93.20,33.72
74.07,207.91,95.28,33.76
72.33,209.48,102.08,34.84
70.39,210.77,105.80,35.40
66.88,213.25,112.64,35.60
64.90,214.65,118.40,36.88
65.77,218.54,124.20,37.24
65.80,218.17,131.64,38.68
64.99,218.66,134.20,38.40
67.12,222.84,136.76,38.12
65.94,223.83,139.68,37.96
67.40,224.39,144.88,37.64
68.91,224.46,150.32,38.28
72.00,225.00,153.00,38.00
76.63,224.87,151.60,40.04
77.44,224.66,150.36,42.24
83.76,224.92,146.40,43.48
86.74,224.31,147.72,46.48
97.50,221.26,146.40,48.60
102.83,219.89,142.32,49.48
108.83,216.90,139.08,50.16
115.52,215.70,137.64,51.12
118.64,210.67,137.40,52.24
126.69,205.21,130.60,52.00
132.91,202.83,127.48,52.52
142.07,200.12,123.24,52.88
149.21,197.11,116.72,51.56
156.80,193.94,108.92,49.88
161.05,179.87,107.40,50.80
156.95,176.97,103.72,50.16
156.63,190.54,95.04,48.24
145.31,182.20,89.28,46.80
150.27,191.25,85.04,46.92
167.21,183.29,83.00,48.40
158.36,167.98,80.16,48.60
148.69,147.99,77.12,49.20
142.34,119.14,72.24,48.88
135.43,115.81,72.24,51.40
142.00,109.00,69.00,52.00
141.57,110.41,68.72,51.00
141.44,113.18,73.88,53.68
141.01,114.63,73.32,52.52
141.01,116.50,71.24,50.52
138.58,111.56,74.80,52.60
141.96,130.24,71.16,48.80
143.59,129.49,72.12,49.48
145.19,126.51,71.92,48.44
144.93,126.59,73.44,48.40
149.70,125.59,72.00,47.20
156.18,123.17,70.00,45.16
159.11,122.34,67.96,43.20
161.98,121.66,68.48,42.76
164.46,121.41,67.76,41.16
169.10,122.16,66.60,39.60
170.13,122.78,65.36,38.32
172.88,122.63,63.72,35.88
175.32,123.06,62.44,34.80
177.50,124.16,59.76,32.40
184.40,122.84,57.40,30.40
186.90,122.07,56.16,28.76
188.97,122.05,54.76,26.96
190.80,120.96,53.92,25.72
192.94,119.83,52.84,24.28
197.00,118.00,52.00,23.00
200.89,118.03,51.16,22.72
205.99,118.60,47.40,21.44
208.12,118.74,46.72,21.16
207.78,121.10,45.96,21.04
210.77,120.08,43.40,19.80
210.65,121.33,40.40,18.80
210.64,120.41,41.24,18.60
213.58,119.81,41.56,19.08
217.52,120.25,39.60,18.56
220.04,120.74,38.40,17.80
220.51,122.21,37.40,17.24
221.57,126.49,36.28,17.08
219.70,129.52,35.24,16.44
217.37,131.56,33.40,15.88
217.86,133.17,33.00,15.80
217.83,133.60,32.60,15.72
217.98,134.49,31.88,15.64
217.18,134.53,31.52,15.56
218.06,136.30,30.92,15.24
218.01,138.79,30.60,15.20
213.63,140.46,30.28,15.16
214.63,146.62,29.96,15.12
216.64,151.92,29.64,15.08
216.51,158.17,29.36,15.08
214.00,161.00,29.00,15.00
210.31,161.54,30.48,16.80
208.59,160.87,32.04,18.68
208.19,160.13,33.56,20.52
203.76,159.22,35.40,22.52
198.50,157.63,37.00,24.40
194.94,157.35,38.12,26.04
194.66,158.11,39.64,27.88
195.30,157.38,41.16,29.72
198.74,159.45,41.96,30.84
199.48,160.22,42.60,31.80
199.61,163.70,43.08,32.60
201.30,164.93,43.40,33.24
205.30,165.51,43.04,33.72
203.56,164.87,44.12,35.16
200.98,163.57,45.60,36.60
198.37,164.81,46.00,37.40
197.82,164.37,46.32,38.12
195.27,165.28,47.28,39.48
192.72,164.46,47.48,40.08
187.06,165.73,48.40,41.40
181.89,170.90,47.64,41.04
179.08,172.73,48.48,42.28
176.02,173.97,49.32,43.60
174.36,167.39,52.08,46.72
174.00,158.00,53.00,48.00
173.84,156.16,53.48,48.96
171.06,150.61,53.96,49.92
170.28,147.60,56.20,52.64
170.52,140.83,57.76,54.84
186.86,119.91,61.40,58.20
186.26,119.11,62.20,59.32
196.92,107.96,62.40,60.04
196.17,106.89,62.28,60.44
194.42,108.67,61.72,60.40
206.51,106.44,62.00,61.20
205.29,107.04,61.68,60.96
216.30,99.40,62.52,62.76
220.64,112.03,60.40,61.16
209.46,129.78,59.76,61.04
205.90,135.45,58.60,60.40
205.81,138.84,57.88,59.56
203.44,127.40,58.20,60.36
204.58,129.10,56.36,59.00
208.08,144.53,55.12,58.24
208.29,157.93,57.00,60.60
213.15,163.68,54.60,58.68
218.63,180.61,54.44,59.00
205.92,197.91,54.04,59.08
211.11,201.07,54.44,59.96
208.00,204.00,54.00,60.00
207.55,208.02,55.48,59.00
209.62,212.02,57.12,58.08
208.52,215.37,60.44,58.88
210.54,222.18,61.92,57.84
215.66,232.43,64.20,58.40
218.93,239.87,68.88,59.28
220.84,233.19,72.52,61.04
226.89,234.15,75.16,60.08
230.69,238.58,76.12,57.92
237.12,246.16,77.60,57.00
237.43,250.21,77.40,55.36
236.41,252.92,81.24,55.12
239.10,255.55,84.20,55.32
238.66,257.15,86.72,54.52
250.01,268.58,87.00,52.60
251.36,268.48,91.68,53.60
255.57,275.03,94.20,52.56
258.74,278.50,95.80,51.24
261.44,283.35,95.64,48.68
269.97,290.76,100.80,48.80
274.12,300.13,101.96,46.80
275.70,302.90,105.24,46.24
283.15,305.65,109.84,46.00
283.70,308.54,113.80,45.92
302.00,316.00,116.00,45.00
315.37,318.06,112.52,45.00
324.95,319.94,109.04,45.00
337.74,319.18,107.56,46.12
342.98,320.22,104.08,46.16
363.74,322.23,99.00,45.40
367.13,321.14,91.80,43.96
368.27,320.55,82.56,41.68
338.96,334.59,78.28,41.24
324.42,319.90,71.24,39.88
339.95,296.36,61.60,37.00
320.29,291.02,58.48,36.08
317.02,285.08,51.60,32.40
323.84,265.16,49.40,32.60
301.72,243.75,47.52,32.68
292.66,226.99,46.40,33.20
290.32,224.96,43.68,33.00
288.87,221.03,40.84,32.68
281.15,208.03,40.60,32.84
270.59,203.42,37.80,33.48
267.87,198.34,36.20,33.20
266.97,194.57,34.12,33.28
266.66,187.39,30.84,33.84
266.01,181.08,27.56,32.64
271.43,171.54,24.04,32.24
270.00,166.00,21.00,32.00
268.76,159.42,21.08,31.76
266.15,155.00,21.24,32.44
264.82,152.62,21.48,31.52
260.33,152.55,21.64,31.36
260.40,155.91,21.80,31.20
260.70,150.03,21.96,31.04
258.36,153.36,22.12,30.88
251.43,144.81,22.60,31.72
247.64,142.26,22.80,30.92
246.65,144.09,23.40,31.80
249.51,151.41,23.08,30.56
247.21,154.71,23.88,31.04
242.96,162.72,23.12,29.96
237.19,170.24,24.92,31.44
235.43,171.52,25.20,31.40
237.48,165.45,25.48,31.00
241.94,162.35,25.08,30.64
242.22,159.59,25.32,30.56
240.89,162.80,25.56,30.24
240.77,162.26,25.80,30.20
244.73,157.55,26.88,31.16
247.89,155.69,26.28,30.36
250.13,153.44,26.60,30.24
252.44,153.58,26.80,30.12
253.00,155.00,27.00,30.00
250.27,157.99,28.00,30.08
246.42,159.71,28.92,30.08
241.04,161.49,29.62,30.00
234.62,161.99,31.33,30.83
227.75,162.75,31.79,30.21
220.77,164.85,32.50,30.00
213.46,167.37,32.71,29.29
206.30,169.44,33.67,29.33
198.29,170.20,35.62,30.38
190.33,171.00,36.17,30.00
179.18,172.02,38.08,31.00
171.20,172.23,38.50,30.50
161.38,173.81,39.92,31.00
150.32,174.98,41.25,31.42
140.12,175.73,41.50,30.75
130.96,175.66,43.67,32.00
118.87,174.34,46.29,33.00
109.31,174.92,46.50,32.25
94.20,173.00,49.00,33.79
81.95,179.39,49.00,32.83
71.97,183.31,49.12,32.00
71.19,177.07,51.00,32.92
64.07,179.25,54.92,34.92
59.00,182.00,56.00,35.00
