162.00,209.00,127.00,75.00
161.60,208.70,127.47,75.43
160.82,208.77,127.93,75.87
153.95,212.19,131.70,78.50
146.68,210.57,136.60,81.60
144.39,208.06,141.17,84.50
143.97,203.00,142.00,85.20
141.23,202.35,144.63,86.33
137.91,198.49,150.87,90.67
128.90,196.69,156.20,93.70
128.61,192.20,156.33,94.00
127.78,191.60,157.57,95.03
124.25,189.34,164.20,99.40
119.75,179.92,172.77,104.63
123.80,180.14,171.00,104.00
119.95,179.80,171.50,104.50
119.62,179.53,171.73,104.87
117.30,178.12,175.93,107.50
115.05,176.48,180.00,110.60
112.04,182.11,185.60,113.87
108.12,179.47,193.00,119.00
105.26,172.13,198.30,122.40
100.52,169.22,207.33,127.53
96.61,166.02,214.73,133.27
94.16,171.48,219.20,135.80
91.21,171.07,224.67,139.33
86.33,175.48,234.00,145.73
83.16,174.48,239.90,149.50
82.59,182.89,240.60,150.20
85.00,184.15,235.97,147.70
94.00,184.00,236.00,148.00
94.07,184.39,235.80,148.00
96.13,194.70,231.60,145.60
100.01,192.75,241.30,151.60
103.10,202.62,237.07,149.20
118.29,205.06,229.83,144.50
124.44,202.80,236.80,149.20
127.54,203.23,235.20,148.50
128.38,206.45,234.20,147.60
130.03,213.84,231.60,146.20
136.64,214.07,231.00,146.00
146.52,223.75,230.07,145.60
149.23,231.59,235.80,149.20
157.16,230.62,238.80,151.50
162.13,221.38,237.87,150.80
166.97,221.45,238.00,151.00
175.31,209.93,240.47,152.60
164.71,199.77,241.50,153.60
166.60,191.70,237.40,151.00
167.45,192.52,235.37,149.90
173.61,182.18,238.67,152.00
174.52,175.26,237.30,151.30
169.28,173.73,233.93,149.40
167.20,165.48,237.90,151.90
165.76,162.61,240.60,154.00
167.05,163.92,237.83,152.00
168.64,156.67,234.47,150.20
167.16,155.21,239.10,153.10
166.61,164.17,239.40,153.40
168.07,165.73,235.03,150.90
168.00,166.00,235.00,151.00
169.33,166.15,230.93,151.40
170.79,166.50,226.60,151.40
173.62,168.10,217.90,148.90
167.29,175.60,210.40,146.60
155.64,173.35,213.67,151.33
156.92,173.43,209.40,151.40
149.36,173.52,205.13,151.47
146.69,177.93,193.73,146.33
142.13,185.85,185.30,143.80
138.29,187.95,175.33,139.67
131.47,187.85,171.57,139.93
129.24,189.25,165.00,137.20
129.24,187.85,159.60,134.87
125.23,188.92,152.73,132.40
126.38,188.20,150.00,133.50
122.57,187.42,143.40,131.67
118.41,186.12,138.07,130.53
107.20,185.42,134.20,131.20
97.19,183.92,132.20,133.50
95.36,180.30,130.33,134.67
97.22,175.88,127.00,135.10
85.53,174.54,124.07,137.20
80.60,178.55,120.93,137.80
81.47,183.95,117.00,136.40
87.94,184.40,114.67,139.00
87.87,187.28,108.07,134.40
83.47,187.14,102.60,132.70
73.92,195.18,95.67,127.53
68.10,193.39,94.27,130.67
64.00,193.00,91.00,131.00
50.18,193.15,93.03,130.57
37.53,190.32,93.00,127.13
22.69,193.84,92.30,122.20
14.14,188.62,97.00,126.27
12.19,189.87,99.50,126.33
 7.78,196.80,101.00,125.40
-2.74,208.93,102.17,124.13
-1.42,216.82,102.80,120.87
-9.20,219.69,107.00,124.10
-5.21,232.43,106.00,119.67
-10.72,234.79,109.90,122.50
-16.92,235.12,110.60,122.20
-26.88,233.90,113.53,122.33
-31.08,236.92,115.60,121.00
-38.94,229.48,117.50,119.00
-37.22,238.71,117.07,116.73
-33.37,237.58,115.73,114.20
-33.65,230.57,122.00,117.00
-26.15,225.30,125.90,117.93
-24.71,223.66,131.00,121.33
-16.72,218.95,130.40,118.30
-12.66,219.21,131.33,117.80
-19.44,214.98,134.10,118.37
-19.99,215.73,133.00,115.60
-20.23,215.57,134.67,114.83
-15.85,215.69,136.33,114.07
-16.73,215.82,138.00,113.30
-9.80,216.71,136.73,110.47
-4.44,209.94,141.33,111.77
 1.00,210.00,143.00,111.00
 9.22,209.99,140.53,111.13
18.56,204.72,135.40,109.60
26.48,204.83,132.90,109.60
34.82,205.09,127.93,108.07
35.28,198.66,128.50,110.50
43.89,199.48,123.80,109.20
54.07,199.13,120.07,108.03
62.41,198.59,118.87,109.13
79.75,200.16,112.80,106.00
107.48,201.00,109.00,104.33
139.41,201.82,108.17,105.93
165.55,202.24,105.20,105.40
179.04,202.19,104.67,106.73
186.68,204.10,104.80,109.80
194.10,207.28,101.50,109.00
203.44,209.25,95.00,105.40
212.27,207.17,91.70,104.93
207.25,214.44,89.80,105.40
213.88,213.68,86.43,104.40
198.06,207.92,83.67,104.33
204.31,213.51,82.00,105.00
210.00,216.19,81.13,106.20
203.27,204.76,79.37,106.80
210.94,203.81,77.80,108.60
211.33,204.22,75.33,107.67
216.43,203.49,73.67,108.33
213.25,201.99,73.60,111.40
209.00,203.62,68.93,108.20
205.34,197.38,69.87,112.47
205.00,197.00,68.00,113.00
199.34,192.76,68.53,113.30
189.07,184.16,69.13,113.73
175.19,181.10,69.20,112.90
166.68,179.41,67.07,108.80
150.21,179.01,67.50,109.00
144.04,176.29,67.80,108.60
137.86,174.19,70.60,113.90
131.95,172.65,74.13,118.07
126.51,172.17,75.60,120.10
120.24,170.77,78.33,124.00
119.83,170.56,79.33,125.50
114.47,171.42,80.00,126.00
114.42,172.41,80.23,125.20
114.17,172.80,80.87,125.60
114.17,173.69,81.00,125.00
113.63,173.25,82.20,127.07
112.57,172.56,84.47,129.63
109.76,171.97,86.40,132.00
105.50,167.25,87.93,133.40
105.83,166.80,87.33,132.00
102.39,163.82,88.30,133.40
96.74,156.19,91.87,138.20
95.76,152.74,94.17,141.10
98.51,155.98,89.00,133.40
98.18,151.30,90.00,134.50
96.41,150.17,93.87,138.93
95.36,148.75,96.30,142.20
100.83,148.84,96.87,142.47
101.06,148.97,97.40,142.63
101.00,149.00,98.00,143.00
100.28,149.11,99.00,143.10
99.56,149.22,100.00,143.20
98.69,149.18,101.30,143.60
96.91,147.74,104.40,146.80
96.14,147.80,105.50,147.00
106.36,146.66,108.20,149.60
112.61,147.92,107.70,147.40
118.86,148.39,108.27,146.80
129.30,149.55,107.90,144.80
137.03,149.61,109.00,145.00
140.15,149.67,110.10,145.20
139.29,149.43,111.20,146.00
137.94,145.78,113.27,147.70
135.96,144.27,116.60,150.60
138.19,140.26,118.50,152.00
141.13,141.21,118.40,150.40
139.52,142.97,121.03,152.90
138.25,142.14,123.00,154.40
144.15,141.62,124.57,155.30
143.82,142.20,124.67,154.00
143.12,142.23,125.50,153.80
143.08,139.40,128.53,155.80
145.55,136.57,133.77,161.77
143.57,135.50,137.20,164.20
142.39,134.09,141.33,167.33
147.07,132.64,144.67,170.53
138.96,132.60,146.00,170.90
145.28,132.57,147.33,171.27
143.12,131.03,151.67,174.63
142.00,131.00,153.00,175.00
150.31,130.85,151.87,175.27
151.03,130.82,150.53,175.27
151.44,138.11,149.30,175.40
143.58,138.46,148.47,176.07
130.11,135.36,152.33,182.17
122.16,135.30,151.00,182.20
121.74,135.47,151.27,184.37
121.83,141.57,150.53,185.20
115.88,141.02,149.70,186.00
107.72,140.20,149.33,187.33
100.74,140.51,146.90,186.40
101.75,140.96,145.00,185.20
101.07,146.66,146.50,187.70
101.89,146.60,145.00,187.60
98.88,146.54,143.50,187.50
94.61,145.54,143.40,189.27
92.92,146.41,140.50,187.30
88.54,144.35,142.00,191.20
88.87,143.02,141.77,193.63
88.30,133.36,143.33,197.67
91.63,132.38,142.40,199.30
99.99,135.01,137.47,193.73
102.96,134.84,136.03,193.77
105.57,136.10,130.60,187.40
106.48,128.32,131.50,190.50
112.51,126.26,132.13,194.40
111.58,124.19,133.70,198.30
114.22,126.00,129.33,194.47
114.68,126.06,127.53,194.10
115.00,126.00,126.00,194.00
115.92,126.00,125.03,194.30
116.35,126.00,124.07,194.60
111.03,128.00,121.10,190.90
111.83,127.73,120.40,191.73
111.50,127.67,119.50,192.17
112.16,127.60,118.60,192.60
112.82,127.53,117.70,193.03
113.48,127.47,116.80,193.47
108.69,127.40,115.90,193.90
109.60,127.33,115.00,194.33
110.52,127.27,114.10,194.77
107.88,126.00,114.40,197.60
104.75,127.13,112.30,195.63
106.48,128.13,109.80,193.93
102.41,126.00,111.50,198.50
103.06,125.87,110.67,199.07
99.78,124.60,110.97,201.90
100.25,123.60,111.00,204.20
101.80,119.93,108.90,202.23
106.06,125.94,106.67,200.00
107.47,127.34,104.30,197.50
109.21,129.40,101.27,193.67
110.31,129.93,99.53,192.90
109.40,128.26,101.80,199.60
110.15,130.87,98.17,194.17
103.15,133.09,100.87,201.80
104.89,136.66,96.30,194.90
98.41,134.91,97.07,198.67
99.24,135.02,95.97,198.70
100.00,135.00,95.00,199.00
99.92,135.40,95.77,196.70
99.84,135.80,96.53,194.40
91.46,132.85,100.40,198.80
90.66,139.64,101.53,196.73
90.70,140.95,102.17,194.17
90.74,141.44,102.80,191.60
86.13,143.82,101.43,185.27
86.41,145.91,102.07,182.73
88.10,154.35,99.90,174.60
87.32,154.85,102.67,176.00
92.66,161.13,102.17,171.17
90.42,160.44,107.40,175.80
86.83,166.13,107.13,171.27
83.44,168.24,109.13,171.27
82.15,171.13,112.50,171.50
79.40,175.23,111.80,168.60
74.58,174.31,115.43,169.03
73.03,179.23,113.40,163.80
68.97,183.33,114.73,161.83
64.58,186.13,115.67,159.67
62.94,185.63,117.20,158.70
61.78,191.89,120.27,157.87
59.75,194.83,125.07,160.23
58.77,195.79,127.00,159.80
58.71,201.71,128.00,157.50
50.12,201.44,131.87,158.47
47.72,205.05,137.60,161.90
46.28,204.10,141.40,162.13
47.24,205.68,139.87,157.30
40.00,206.00,141.00,155.00
33.14,206.20,139.57,154.40
36.02,209.19,133.47,148.20
34.89,207.79,134.20,150.80
23.04,209.27,143.60,161.20
22.47,207.59,144.50,163.83
23.60,211.06,139.60,158.60
25.30,212.50,135.57,155.40
25.27,211.94,135.00,156.20
22.55,214.31,139.80,162.60
22.81,216.04,138.67,162.33
21.09,214.98,138.83,164.00
20.19,213.97,135.20,160.60
16.40,214.40,132.60,158.87
17.12,214.43,130.80,157.93
17.34,213.96,130.00,158.00
18.03,213.96,128.27,157.13
19.29,214.52,125.40,155.13
16.95,219.10,122.40,152.40
13.90,218.65,121.63,152.83
14.78,219.00,119.67,151.67
13.08,221.45,114.50,146.30
13.69,221.74,112.67,145.27
 7.17,220.87,112.37,146.53
 7.82,221.10,110.60,145.60
 8.25,222.92,106.67,141.50
 4.07,223.13,104.93,140.60
 5.52,224.50,101.70,137.40
 4.95,223.57,101.47,138.80
 0.28,223.83,99.63,137.80
 1.00,224.00,98.00,137.00
-0.01,223.97,98.70,139.53
-1.02,223.94,99.40,142.07
-2.93,222.56,101.90,147.30
-4.51,216.53,103.73,151.27
 3.02,219.04,99.50,146.50
 1.08,217.37,102.20,152.20
 0.14,217.28,102.90,154.73
 1.20,215.98,99.60,151.47
 4.72,211.87,102.90,157.70
 3.09,210.65,105.00,162.33
 7.14,209.29,102.97,160.03
 8.19,204.56,105.60,165.80
 7.93,202.00,105.10,166.50
 6.61,199.19,106.73,170.87
 8.57,196.11,107.50,173.50
13.28,198.67,105.20,170.93
13.97,193.83,107.90,176.50
12.40,192.46,109.80,181.40
23.52,191.47,109.50,181.17
23.82,184.26,112.00,187.67
28.65,179.89,116.00,194.80
37.37,180.68,115.60,195.67
55.11,184.95,109.20,186.77
72.56,179.97,108.40,187.20
98.39,181.65,107.33,186.17
117.29,176.40,114.20,199.00
128.37,162.46,121.40,213.50
136.59,155.93,120.53,211.87
145.97,151.86,116.37,206.60
145.00,144.00,117.00,209.00
137.08,143.94,117.20,206.60
129.32,143.98,117.27,204.00
128.76,143.97,117.40,201.50
121.76,143.96,117.53,199.00
120.98,144.20,117.33,196.00
120.43,142.84,118.40,196.20
121.64,145.81,115.93,187.73
122.48,146.72,114.20,183.40
117.60,143.64,115.50,183.50
118.40,144.10,114.67,179.67
118.91,144.11,114.43,176.73
117.10,144.12,114.20,173.80
118.06,140.08,112.67,170.00
122.62,139.79,112.47,168.20
124.79,143.44,108.00,158.50
129.01,145.27,105.07,152.47
130.77,147.89,101.77,144.83
136.93,148.72,100.20,140.80
138.14,150.34,97.77,135.17
141.61,150.56,97.33,132.33
144.77,151.94,95.60,127.20
148.06,151.41,95.93,125.87
154.90,153.12,93.27,120.07
156.93,155.36,89.20,113.20
161.61,156.43,87.83,108.67
167.52,158.71,83.53,101.73
169.41,160.68,79.80,95.40
173.08,160.42,81.07,93.53
171.87,162.79,83.37,94.53
172.00,163.00,83.00,92.00
171.15,163.07,84.20,93.67
167.54,160.34,90.07,100.93
165.66,163.86,92.90,104.20
161.70,164.97,91.87,103.47
156.90,165.86,91.17,103.17
152.40,165.89,92.20,104.60
147.69,167.27,91.30,103.33
143.81,169.83,92.07,104.53
141.63,171.90,92.30,105.50
141.76,176.02,91.33,104.67
140.26,178.14,93.63,107.40
139.32,180.24,94.80,109.20
135.17,185.14,97.27,112.47
132.95,189.38,95.60,110.20
128.85,188.11,98.50,114.00
127.98,191.39,99.73,115.20
122.35,193.82,99.43,115.80
118.74,192.51,102.40,119.80
113.50,193.79,101.37,118.60
111.11,192.11,105.67,123.33
105.57,192.71,104.70,123.50
106.21,194.84,102.80,120.60
104.69,193.72,105.23,124.20
101.25,191.91,109.80,129.20
99.74,190.69,112.50,133.00
94.29,191.84,111.80,132.07
93.81,198.50,110.90,132.50
85.54,197.57,114.73,135.87
80.95,199.95,111.03,132.60
80.00,200.00,112.00,134.00
80.67,199.07,111.80,134.40
77.75,200.57,107.73,129.93
71.66,198.71,109.40,132.20
65.52,202.60,110.93,135.20
60.11,201.47,111.00,136.00
58.17,197.34,116.40,142.80
59.37,196.89,115.50,142.23
55.60,196.15,115.00,142.27
56.20,202.25,113.90,141.40
58.01,204.71,108.00,135.00
59.61,210.87,106.13,133.27
61.15,217.84,104.40,131.40
64.90,225.76,98.23,125.30
66.22,225.60,96.93,124.00
66.35,229.84,98.00,125.00
68.08,230.38,95.87,122.27
66.74,230.24,94.10,120.90
63.16,225.74,91.60,117.60
58.74,225.54,89.70,116.40
53.37,220.73,89.67,118.00
53.55,221.67,86.90,114.20
54.59,221.41,86.20,112.80
57.08,224.34,85.30,112.20
57.93,228.11,84.60,112.80
59.11,233.10,81.33,109.00
60.23,238.43,80.47,108.40
68.74,242.66,77.60,105.70
69.07,250.38,78.60,107.00
74.17,251.00,77.80,106.50
75.00,255.00,77.00,106.00
79.62,260.28,80.53,103.27
81.46,256.87,89.67,108.93
90.37,261.33,95.10,107.80
91.45,263.32,102.80,110.80
102.21,271.94,109.33,111.67
98.34,277.23,114.80,110.60
98.82,285.56,116.40,104.73
117.00,295.74,118.53,101.27
110.88,300.76,122.10,99.60
103.70,305.14,127.67,99.33
96.23,312.57,130.43,95.57
93.57,311.89,135.60,95.40
81.42,317.45,138.23,91.43
71.73,321.18,143.07,86.33
62.21,321.44,145.00,84.00
54.71,319.21,150.80,81.47
56.47,316.96,154.47,78.30
70.26,312.59,156.40,73.40
67.88,318.88,156.67,69.37
64.07,322.27,168.00,66.67
72.10,322.44,174.40,64.20
69.62,323.48,182.80,60.00
58.54,323.66,196.17,57.53
54.64,324.56,203.20,53.60
50.84,324.80,211.67,51.00
41.38,325.94,218.93,46.60
32.30,326.83,223.20,42.70
23.16,327.62,227.60,39.00
19.43,329.16,236.63,35.97
15.00,329.00,241.00,32.00
14.92,328.60,243.20,36.40
 8.04,328.09,245.87,41.00
 7.14,320.74,248.90,45.90
 4.07,308.23,248.00,50.07
 3.25,298.66,252.17,55.50
-1.35,285.69,254.00,59.60
-2.60,272.15,259.43,64.43
-0.72,264.91,258.60,67.20
16.22,250.59,261.00,70.50
26.78,241.19,266.33,76.67
34.23,231.97,261.17,78.20
28.65,228.11,259.60,83.00
29.02,229.33,254.53,83.43
24.15,224.88,251.27,85.53
27.58,221.77,253.00,89.50
27.29,221.26,250.53,93.00
31.58,221.21,244.60,93.17
37.62,217.35,235.20,92.20
43.41,219.45,226.27,90.33
47.21,220.12,221.33,91.33
47.03,227.34,221.30,94.60
51.58,227.86,217.87,96.13
64.87,228.80,214.43,96.83
81.43,232.90,200.80,92.60
79.14,235.24,194.50,92.17
78.24,241.72,197.93,96.53
89.63,250.81,191.70,95.80
95.74,249.81,196.33,100.33
105.35,257.63,193.60,101.20
113.00,257.00,195.00,104.00
127.80,257.26,194.38,104.31
132.25,259.03,185.83,100.62
139.21,252.88,184.52,100.52
143.23,254.22,177.24,96.83
154.92,247.90,179.34,98.34
170.02,248.29,178.41,98.41
186.62,250.20,172.17,95.45
201.80,251.33,167.24,94.03
215.71,249.86,165.97,93.79
227.29,250.56,162.90,92.79
236.76,246.22,156.59,89.55
242.87,244.07,151.52,87.38
242.94,238.31,151.31,87.83
243.73,236.03,149.66,87.31
243.07,235.50,150.90,88.72
247.82,234.86,148.00,87.83
251.86,237.23,140.24,83.62
251.72,231.53,140.86,84.55
245.69,225.52,142.00,85.83
241.73,224.87,139.00,84.34
236.68,220.21,141.17,86.31
238.48,220.12,137.45,84.34
238.84,216.15,136.62,84.31
234.80,215.46,135.38,84.28
227.08,209.69,139.41,87.21
224.82,208.74,142.31,89.55
220.93,209.31,139.21,88.10
219.02,203.03,142.10,90.52
219.00,203.00,142.00,91.00
