868.00,410.00,413.00,311.00
867.87,406.94,415.67,315.90
867.74,402.49,418.33,320.80
867.10,398.28,422.00,326.60
863.34,391.78,431.93,337.00
862.34,386.34,436.33,343.50
858.41,364.39,446.60,354.40
858.23,361.00,449.37,359.47
844.27,357.61,452.13,364.53
847.87,356.67,448.60,364.70
850.83,355.17,446.33,366.00
857.89,357.01,435.87,360.60
851.53,355.16,435.40,362.60
853.22,353.60,434.27,364.00
852.91,350.25,437.13,369.00
850.02,346.89,440.00,374.00
845.26,346.34,435.87,373.40
845.09,342.78,439.23,378.80
844.91,339.23,442.60,384.20
852.01,342.81,431.43,375.33
851.06,338.78,436.33,381.67
850.39,315.61,440.70,387.60
833.03,309.78,449.00,397.40
825.30,303.29,457.90,408.50
823.58,297.71,464.20,417.80
823.44,294.17,467.33,423.00
827.20,294.54,462.67,420.40
831.27,295.20,457.40,417.20
811.93,292.34,458.93,421.07
807.37,284.57,470.67,434.73
807.00,281.00,474.00,440.00
806.79,278.63,477.93,443.80
806.58,276.27,481.87,447.60
806.37,273.90,485.80,451.40
788.46,271.53,489.73,455.20
789.93,270.08,491.67,457.17
789.67,271.50,488.00,453.40
789.44,269.16,491.83,457.13
784.31,262.06,505.47,470.40
784.03,259.70,509.40,474.20
780.74,240.56,519.33,484.00
775.24,234.17,533.70,497.23
764.97,234.80,532.60,496.40
755.79,233.42,535.90,499.60
758.56,234.61,533.60,497.67
765.73,240.17,522.50,487.00
771.73,244.35,513.73,479.07
764.49,243.81,514.57,480.60
774.14,250.93,499.80,466.80
758.87,247.98,507.03,473.13
758.58,231.78,510.67,476.67
758.30,229.50,514.30,480.20
758.02,227.23,517.93,483.73
753.15,224.95,521.57,487.27
754.42,223.37,523.40,489.40
759.23,225.14,518.17,484.83
740.18,222.45,522.93,489.20
739.56,217.90,527.10,493.30
734.11,211.67,540.93,506.07
734.05,210.33,543.97,509.03
734.00,209.00,547.00,512.00
733.61,208.80,551.97,514.23
728.55,204.30,566.27,525.07
730.52,206.10,566.50,523.30
711.96,203.67,569.33,523.73
714.03,207.75,563.00,515.83
718.88,211.50,557.40,508.60
719.14,211.08,560.97,509.70
719.40,210.67,564.53,510.80
717.77,208.40,571.90,515.60
718.43,208.33,574.67,516.00
707.37,210.10,573.03,512.73
699.74,210.20,575.40,512.80
700.57,210.30,577.77,512.87
704.20,212.73,574.53,508.27
707.97,215.50,571.00,503.00
701.10,217.93,568.67,498.40
702.49,217.87,571.33,498.80
686.60,214.80,581.20,505.20
687.03,214.57,584.27,505.93
687.47,214.33,587.33,506.67
686.40,212.60,593.40,510.40
687.01,211.08,596.13,510.80
690.06,213.53,593.97,506.53
686.04,213.31,597.40,507.60
692.84,218.01,589.17,498.83
674.06,217.81,592.53,499.87
674.30,217.61,595.90,500.90
674.53,217.40,599.27,501.93
674.77,217.20,602.63,502.97
675.00,217.00,606.00,504.00
674.79,217.20,609.07,506.43
674.57,217.39,612.13,508.87
674.36,217.59,615.20,511.30
659.76,222.12,607.87,505.07
669.52,229.98,592.50,492.17
665.84,230.57,594.60,493.80
666.07,231.17,596.70,495.43
666.31,231.77,598.80,497.07
666.55,232.36,600.90,498.70
666.79,232.96,603.00,500.33
663.23,230.39,612.70,508.30
663.67,208.18,614.40,509.60
667.51,211.74,609.30,505.23
664.71,209.97,617.47,511.53
664.74,210.37,620.00,513.50
669.89,214.97,612.27,507.07
662.52,217.23,610.77,505.30
664.92,218.76,610.00,505.00
664.93,218.56,614.00,508.17
664.94,218.36,618.00,511.33
664.95,218.16,622.00,514.50
669.73,221.62,616.47,510.33
679.55,229.63,600.87,497.07
666.54,233.95,594.00,491.20
666.61,215.40,596.33,493.00
666.69,215.12,598.67,494.80
660.82,209.94,612.90,506.40
660.88,209.63,615.27,508.27
660.76,208.42,618.00,510.47
661.00,209.00,620.00,512.00
661.69,209.94,622.13,513.00
660.35,208.91,625.13,514.73
660.03,208.87,627.70,516.10
654.51,204.49,640.67,526.13
634.98,185.21,642.83,527.17
630.44,181.70,655.40,537.00
640.89,190.84,637.97,521.57
647.47,196.70,628.27,512.67
654.24,202.60,618.20,503.70
656.91,205.03,616.33,501.67
652.76,209.13,610.77,496.30
649.89,198.43,618.40,501.60
649.41,198.24,621.27,503.23
636.99,198.05,624.13,504.87
640.00,200.11,621.50,502.00
640.07,199.77,624.73,503.93
640.15,199.43,627.97,505.87
638.03,197.29,635.60,511.40
642.40,200.26,630.23,506.70
642.88,200.24,632.67,508.00
643.36,200.22,635.10,509.30
626.49,200.19,637.53,510.60
626.18,200.17,639.97,511.90
624.67,199.14,644.80,515.20
624.56,199.29,646.83,516.17
624.45,199.43,648.87,517.13
624.33,199.57,650.90,518.10
624.22,199.71,652.93,519.07
623.36,199.86,654.97,520.03
624.00,200.00,657.00,521.00
624.38,200.02,658.67,521.73
624.76,200.03,660.33,522.47
625.14,200.05,662.00,523.20
622.33,200.06,663.67,523.93
602.20,200.08,665.33,524.67
602.57,200.09,667.00,525.40
609.44,205.23,655.67,515.90
609.81,205.26,657.33,516.60
612.28,206.79,654.80,514.30
612.88,203.00,656.00,514.67
613.48,202.80,657.20,515.03
614.09,202.60,658.40,515.40
614.69,202.40,659.60,515.77
615.29,202.20,660.80,516.13
615.90,202.00,662.00,516.50
603.73,201.80,663.20,516.87
603.53,201.60,664.40,517.23
603.34,201.40,665.60,517.60
603.14,201.20,666.80,517.97
602.95,201.00,668.00,518.33
602.75,200.80,669.20,518.70
602.56,199.04,670.40,519.07
603.88,200.20,668.57,517.10
603.47,200.03,670.20,517.80
599.19,199.86,671.83,518.50
599.55,199.69,673.47,519.20
599.92,199.51,675.10,519.90
600.28,199.34,676.73,520.60
600.64,199.17,678.37,521.30
601.00,199.00,680.00,522.00
600.87,199.13,678.57,521.87
600.74,199.27,677.13,521.73
600.61,199.40,675.70,521.60
600.48,199.53,674.27,521.47
600.35,199.67,672.83,521.33
600.22,199.80,671.40,521.20
600.09,199.93,669.97,521.07
599.95,200.07,668.53,520.93
599.82,200.20,667.10,520.80
599.69,200.33,665.67,520.67
599.56,200.47,664.23,520.53
608.77,200.60,662.80,520.40
609.42,200.73,661.37,520.27
610.07,200.87,659.93,520.13
610.71,201.00,658.50,520.00
611.36,201.13,657.07,519.87
622.39,201.27,655.63,519.73
622.24,201.40,654.20,519.60
622.09,201.53,652.77,519.47
621.94,201.67,651.33,519.33
617.24,198.30,659.00,526.20
621.63,201.93,648.47,519.07
621.48,202.07,647.03,518.93
616.13,198.20,656.00,526.80
635.41,198.17,655.00,527.00
641.46,202.47,642.73,518.53
642.09,202.60,641.30,518.40
644.33,202.73,639.87,518.27
644.16,202.87,638.43,518.13
644.00,203.00,637.00,518.00
657.13,207.42,622.97,513.83
669.25,212.84,608.93,509.67
681.88,217.76,594.90,505.50
694.50,222.67,580.87,501.33
709.64,225.08,566.83,497.17
722.76,229.50,552.80,493.00
735.89,233.92,538.77,488.83
749.02,238.33,524.73,484.67
762.14,242.75,510.70,480.50
774.44,245.83,498.33,479.00
786.75,248.65,485.93,478.03
804.96,251.20,474.20,477.60
818.38,255.22,460.63,474.23
845.41,261.10,444.73,467.13
858.13,265.25,431.00,463.50
871.91,271.53,415.13,455.60
887.25,280.07,396.17,443.20
900.18,284.60,382.00,438.80
910.27,284.38,373.53,443.90
923.72,287.67,358.33,442.00
947.16,291.65,345.00,438.70
960.19,295.63,331.67,435.40
974.77,302.68,315.27,425.97
989.87,310.00,297.80,416.00
1004.73,317.17,280.83,406.33
1017.98,321.53,267.07,402.27
1031.24,325.90,253.30,398.20
1046.36,334.00,235.80,386.67
1059.68,338.50,221.90,382.33
1073.00,343.00,208.00,378.00
1073.00,343.11,208.43,376.40
1072.99,343.21,208.87,374.80
1072.99,343.32,209.30,373.20
1075.32,347.79,205.07,363.80
1077.40,351.94,201.33,354.33
1075.30,363.98,200.80,351.40
1069.95,354.39,211.07,368.50
1056.76,351.23,214.93,372.73
1057.76,352.85,213.50,367.40
1061.97,364.99,205.67,350.00
1061.97,365.04,206.23,348.70
1061.97,373.46,206.80,347.40
1056.84,363.72,217.63,364.77
1056.91,363.48,218.07,363.13
1057.97,365.23,216.50,357.50
1058.91,373.93,215.20,352.87
1059.98,375.89,213.63,347.77
1061.18,383.47,211.80,342.80
1057.98,377.79,218.77,352.03
1057.32,376.07,220.67,353.33
1055.63,373.72,224.60,355.90
1056.15,374.43,224.13,352.33
1057.99,376.24,221.03,346.57
1057.99,387.02,221.60,345.20
1059.66,390.02,218.83,338.00
1059.73,390.22,219.27,336.40
1059.79,391.86,219.70,334.80
1059.86,391.57,220.13,333.20
1059.93,391.29,220.57,331.60
1060.00,391.00,221.00,330.00
1059.83,391.43,220.73,330.37
1059.65,391.86,220.47,330.73
1059.28,391.94,220.60,331.80
1059.04,392.26,220.47,332.40
1058.80,392.57,220.33,333.00
1056.96,390.09,223.40,339.20
1056.78,387.25,223.13,339.57
1057.14,388.14,221.80,338.07
1053.53,383.68,228.40,347.30
1053.59,383.97,227.67,347.00
1053.65,384.27,226.93,346.70
1053.71,384.57,226.20,346.40
1053.77,376.62,225.47,346.10
1053.83,377.41,224.73,345.80
1057.14,383.19,217.50,335.50
1059.35,381.81,212.47,328.93
1060.44,384.13,209.67,324.90
1061.67,386.38,206.60,321.00
1059.23,382.82,210.87,328.73
1072.57,383.15,210.33,328.67
1071.92,382.44,211.00,330.70
1071.93,382.89,210.33,330.40
1071.93,383.34,209.67,330.10
1071.94,383.79,209.00,329.80
1071.95,384.24,208.33,329.50
1071.96,384.69,207.67,329.20
1070.17,382.45,210.60,334.30
1068.25,379.53,213.80,340.73
1068.04,379.67,213.57,341.07
1068.00,380.00,213.00,341.00
1068.01,375.92,218.80,345.23
1067.79,371.50,225.07,350.13
1052.87,363.65,235.50,361.90
1053.16,359.37,241.67,366.53
1054.71,356.67,245.33,368.00
1049.43,349.90,255.00,377.60
1037.62,344.42,261.70,384.63
1023.16,331.70,266.00,385.13
1022.43,336.85,273.60,391.90
1017.46,328.99,271.00,385.00
1008.31,330.84,282.50,396.43
1004.37,327.08,287.80,400.00
999.87,327.05,287.20,396.10
990.08,321.13,296.33,404.00
986.36,321.15,296.00,400.00
974.81,314.81,305.80,408.73
969.73,312.23,309.87,409.93
971.62,309.32,312.60,411.80
952.56,302.53,323.20,421.43
953.41,299.60,327.67,423.33
952.28,298.54,328.00,421.50
936.70,291.98,338.47,430.67
938.70,293.87,333.97,422.93
924.75,290.56,338.60,425.60
921.45,282.30,350.67,438.17
916.08,274.34,363.27,450.13
920.09,274.48,361.60,445.90
919.33,270.12,367.67,450.67
901.84,266.06,373.33,454.83
902.00,262.00,379.00,459.00
901.75,262.58,378.73,458.57
901.51,263.17,378.47,458.13
880.80,260.15,384.70,464.90
885.47,268.83,370.93,448.27
885.25,269.42,370.67,447.83
882.22,266.40,376.00,454.60
882.11,267.13,375.50,453.87
882.00,267.87,375.00,453.13
881.89,268.60,374.50,452.40
879.12,266.33,379.33,457.67
879.14,267.22,378.57,456.63
879.17,268.10,377.80,455.60
879.19,268.98,377.03,454.57
881.35,272.27,372.00,448.73
881.24,273.00,371.50,448.00
881.13,273.73,371.00,447.27
879.04,271.92,374.47,451.63
890.03,272.50,374.20,451.20
900.80,277.58,366.93,441.77
898.07,275.17,371.67,447.33
898.09,276.05,370.90,446.30
898.12,276.93,370.13,445.27
896.39,275.42,372.87,449.03
896.16,276.00,372.60,448.60
895.94,276.58,372.33,448.17
914.95,281.07,366.00,439.93
917.68,282.25,364.80,438.30
917.22,282.53,365.00,438.47
917.11,283.27,364.50,437.73
917.00,284.00,364.00,437.00
917.74,282.97,364.13,437.57
918.47,281.93,364.27,438.13
919.21,280.90,364.40,438.70
919.95,279.87,364.53,439.27
920.68,278.83,364.67,439.83
921.42,277.80,364.80,440.40
917.80,276.77,364.93,440.97
916.84,274.53,367.20,443.93
916.82,273.35,367.60,444.80
902.01,269.17,372.67,451.67
902.73,268.13,372.83,452.23
903.45,267.10,373.00,452.80
906.15,268.62,369.20,448.27
897.93,267.43,369.60,449.13
894.40,261.50,377.00,459.50
890.37,255.80,385.40,469.40
882.16,254.60,385.80,470.30
885.16,256.10,381.40,465.80
887.36,256.70,378.60,463.10
889.13,257.00,376.67,461.00
889.62,255.65,377.30,462.20
890.11,254.30,377.93,463.40
890.59,252.95,378.57,464.60
887.88,248.00,385.60,473.00
888.23,246.50,386.50,474.50
888.59,245.00,387.40,476.00
888.94,243.50,388.30,477.50
889.29,242.00,389.20,479.00
889.76,240.65,389.87,480.20
890.00,239.00,391.00,482.00
890.19,242.77,386.21,477.38
889.70,246.61,382.79,474.69
891.21,250.42,378.69,471.03
891.96,252.48,373.90,466.41
896.63,260.78,361.28,452.66
912.81,264.97,355.90,447.14
907.30,262.18,362.31,455.55
907.61,266.21,357.07,450.34
907.93,270.23,351.83,445.14
906.52,271.84,350.03,444.76
913.39,276.96,343.24,437.38
926.60,282.31,336.10,429.52
924.56,283.85,335.28,429.28
923.66,286.34,332.17,427.14
933.55,292.58,322.97,417.52
931.39,292.62,323.41,420.28
951.92,300.39,312.83,407.59
950.86,302.59,310.79,406.03
951.21,305.90,305.97,402.24
969.32,311.24,298.59,394.41
962.89,316.91,307.03,408.00
977.98,324.72,296.93,396.28
978.09,322.67,301.38,404.28
993.15,328.76,293.90,396.00
996.30,336.41,284.10,384.59
998.68,340.31,279.83,380.69
995.80,340.60,280.76,384.00
1013.58,347.93,271.55,373.24
1014.00,352.00,267.00,369.00
