569.00,250.00,224.00,226.00
568.80,250.08,224.33,226.47
570.46,262.31,220.93,223.20
556.50,258.15,228.10,231.40
552.78,267.64,233.13,235.67
556.06,270.92,226.50,229.00
543.56,281.06,228.20,231.80
540.40,278.37,234.40,237.10
531.76,280.85,228.27,232.07
533.66,294.57,224.30,227.20
520.11,291.98,228.33,232.33
514.65,293.82,225.13,228.60
508.77,292.29,228.00,231.60
502.14,303.51,228.33,232.07
496.83,303.10,228.47,232.87
494.18,306.52,222.50,226.00
488.26,306.38,222.67,226.27
483.31,305.91,222.93,227.20
482.30,304.60,225.40,229.80
478.48,308.14,218.80,222.70
473.28,295.59,221.67,225.67
473.11,294.80,222.40,227.20
472.94,294.34,223.13,228.07
474.31,284.48,220.80,225.10
474.21,284.07,221.40,225.80
475.77,285.33,218.67,223.17
479.90,278.09,210.80,215.40
475.12,271.95,222.80,227.50
478.54,274.66,215.67,220.47
490.86,266.24,211.83,216.73
491.00,266.00,212.00,217.00
491.11,265.95,212.00,216.97
504.57,269.64,204.53,209.47
507.27,262.82,200.80,204.80
510.09,257.06,209.07,214.07
509.81,256.85,209.33,214.33
509.53,258.82,209.60,214.60
512.27,259.56,208.93,213.70
513.89,268.82,206.13,210.87
513.98,268.65,206.40,211.10
514.06,268.48,206.67,211.33
515.42,273.81,204.40,208.40
516.64,281.05,202.40,206.40
517.46,281.62,201.20,205.20
517.34,281.25,201.87,205.87
519.50,293.26,198.00,202.00
525.12,293.87,196.27,200.73
522.28,291.14,201.73,206.17
523.44,302.59,199.20,203.60
524.01,303.25,197.87,202.23
523.50,302.84,198.67,203.00
524.13,313.68,197.20,201.20
522.63,312.25,200.00,204.00
520.99,310.68,203.07,207.07
521.22,310.98,202.40,206.40
532.90,314.15,196.00,200.00
536.44,316.06,192.00,196.13
537.95,317.69,188.80,192.80
534.27,314.06,196.00,200.00
546.02,315.96,192.13,196.13
546.00,316.00,192.00,196.00
546.26,315.80,192.03,196.20
558.48,312.81,185.53,188.93
554.96,308.90,192.50,197.00
556.72,309.40,191.60,196.27
562.15,296.13,198.17,203.00
561.50,295.57,199.40,204.40
563.05,287.27,196.23,201.40
564.76,286.37,198.13,203.47
561.16,285.19,200.00,206.10
564.30,278.81,193.67,199.33
562.92,283.76,196.37,202.20
569.31,289.69,191.60,198.00
577.58,292.49,186.90,192.63
567.30,300.50,188.73,195.53
566.42,299.61,190.50,197.50
567.41,305.29,188.53,195.20
567.66,310.45,188.03,195.43
559.98,312.57,184.40,191.40
560.62,316.17,177.23,184.40
547.33,315.37,185.33,192.67
547.37,312.32,185.00,192.50
551.99,317.08,175.53,183.20
542.68,316.91,175.90,183.73
541.34,316.08,178.40,185.60
540.62,315.07,179.67,187.83
540.90,315.52,178.93,187.13
541.12,315.79,178.30,186.80
541.08,315.86,178.20,186.87
541.04,315.93,178.10,186.93
541.00,316.00,178.00,187.00
541.03,315.81,177.57,186.97
540.93,316.11,177.40,187.13
540.90,324.36,177.10,187.20
541.13,324.31,176.27,186.87
540.83,325.32,176.50,187.33
540.79,332.66,176.20,187.40
540.76,332.39,175.90,187.47
540.32,333.98,176.40,188.60
541.74,333.22,173.20,184.80
540.66,331.55,175.00,187.67
540.62,331.28,174.70,187.73
538.79,323.43,178.00,191.80
539.42,320.39,176.37,190.13
540.52,321.26,173.80,187.93
540.48,316.09,173.50,188.50
540.58,311.58,172.93,188.33
540.68,307.41,172.37,188.17
539.48,301.03,174.40,190.60
540.90,302.73,171.20,186.80
553.12,297.13,164.00,180.00
554.10,298.23,161.70,177.40
554.24,295.78,161.07,177.13
553.70,288.85,161.80,178.47
552.53,287.10,163.80,181.60
565.10,291.39,155.50,172.67
557.68,282.59,155.93,173.47
554.76,271.51,160.90,178.90
563.88,272.94,157.47,175.80
553.17,269.63,162.53,182.17
553.00,261.00,162.00,182.00
552.72,260.72,162.17,182.87
551.27,250.02,164.67,186.93
544.62,243.83,162.10,184.10
555.81,248.43,153.93,175.73
549.26,244.14,159.67,182.17
548.25,235.66,161.60,185.60
547.09,234.24,163.83,189.27
548.23,235.88,161.47,186.80
549.27,237.38,159.30,184.60
549.71,237.92,158.33,184.33
556.47,249.69,154.77,180.83
558.69,256.80,157.00,184.40
558.12,261.28,158.13,185.80
557.45,264.28,159.47,188.27
558.18,269.24,158.00,187.50
561.79,273.66,158.33,188.53
564.77,275.22,162.17,193.93
567.88,284.53,156.00,186.40
567.59,287.08,156.63,188.30
568.37,290.44,160.67,193.67
569.20,294.43,158.50,191.80
575.19,293.85,158.93,193.33
577.72,301.79,157.67,192.53
585.43,302.87,156.20,191.20
586.95,304.90,153.33,188.00
588.20,305.12,153.07,188.40
588.96,306.54,151.20,186.40
596.72,306.69,151.13,186.93
597.22,307.22,150.87,187.23
597.00,307.00,151.00,188.00
596.38,307.13,151.37,187.40
595.63,307.17,152.00,187.00
594.94,307.25,152.50,186.50
594.25,307.34,153.00,186.00
586.25,307.17,154.00,186.00
578.00,307.80,153.20,184.40
572.95,304.52,159.10,190.63
566.09,307.67,155.00,184.00
560.52,308.80,153.40,181.40
558.03,309.50,152.67,179.67
552.67,310.47,152.03,177.40
551.19,312.71,148.20,172.60
549.14,308.00,151.47,174.90
537.97,300.50,156.33,179.87
537.49,300.79,156.50,179.00
540.01,304.55,150.67,171.20
538.68,299.54,152.53,172.10
537.55,295.30,154.00,173.00
538.02,296.55,152.27,170.27
536.59,295.90,154.33,171.33
544.88,296.65,153.30,169.60
551.31,298.16,151.07,166.33
559.12,298.63,150.93,165.17
559.52,297.89,153.20,166.40
567.23,299.35,152.67,164.67
574.77,307.63,150.13,161.13
574.05,307.64,152.80,162.80
576.69,303.30,161.07,170.93
587.44,314.70,155.63,163.60
587.00,315.00,156.00,163.00
586.65,315.16,156.27,163.03
597.71,326.73,147.73,154.27
598.00,326.74,147.80,154.10
593.76,322.75,155.87,161.93
593.57,322.81,155.83,161.67
590.94,321.96,157.60,163.20
585.50,324.94,155.57,160.93
579.62,332.78,151.53,156.67
571.85,333.01,151.20,156.10
560.87,330.34,156.67,161.33
560.99,333.67,155.93,160.37
557.99,334.46,155.00,159.20
550.14,336.58,160.27,164.80
548.58,339.28,155.53,159.27
544.10,339.35,155.50,159.00
535.22,342.64,157.27,160.53
533.35,344.77,160.53,163.57
528.36,344.98,160.20,163.00
521.68,341.83,166.60,169.17
521.24,341.67,167.00,169.33
523.21,343.91,162.60,164.70
516.51,343.66,163.20,165.07
517.23,351.37,160.73,162.37
517.08,353.54,160.00,161.40
516.73,353.78,159.67,160.83
522.83,353.53,160.33,161.27
524.00,355.02,157.50,158.20
523.67,355.01,157.67,158.13
523.33,355.01,157.83,158.07
523.00,355.00,158.00,158.00
522.84,355.13,157.77,157.67
522.57,354.66,157.73,157.53
530.38,354.64,157.30,157.00
527.40,351.72,162.67,162.27
528.78,353.15,159.33,158.83
528.35,353.91,159.60,159.00
529.16,353.18,160.97,160.27
533.63,351.48,164.27,163.47
536.00,354.11,158.90,158.00
537.30,355.68,155.67,154.67
539.15,357.80,151.33,150.23
539.89,366.25,149.20,148.00
537.99,364.60,152.37,151.07
530.33,364.76,151.93,150.53
529.50,364.16,153.00,151.50
529.37,364.27,152.67,151.07
529.90,365.02,151.03,149.33
522.24,365.07,150.80,149.00
520.58,359.00,153.57,151.67
511.79,355.17,155.33,153.33
511.14,354.75,156.10,154.00
513.19,357.02,151.47,149.27
505.27,356.85,151.73,149.43
504.40,350.32,153.00,150.60
499.60,350.38,149.67,147.17
495.41,347.73,154.93,152.33
494.11,338.98,157.10,154.40
496.60,341.68,151.67,148.87
495.10,333.15,154.23,151.33
495.00,333.00,154.00,151.00
495.15,333.03,154.10,150.43
497.89,335.67,149.00,144.67
505.51,329.48,147.10,142.10
504.21,328.30,149.60,143.93
503.70,326.67,153.00,146.67
509.70,326.54,153.40,146.40
515.55,324.91,156.80,149.13
516.11,325.58,155.60,147.27
523.06,325.10,156.70,147.70
522.36,324.52,158.00,148.33
524.15,326.45,154.30,143.97
531.00,329.03,155.20,144.20
528.10,330.91,160.90,149.23
530.69,333.39,155.60,143.73
534.25,337.29,155.50,142.50
535.04,337.33,156.00,142.33
533.42,339.12,159.50,145.17
530.47,340.72,156.40,141.40
531.14,346.26,154.80,139.13
526.31,347.05,159.00,142.67
521.65,347.48,158.20,141.20
515.01,354.34,155.40,137.73
503.25,350.73,163.20,144.87
494.66,352.06,164.20,145.20
485.45,356.52,154.50,135.67
481.70,353.37,159.60,139.27
473.11,345.73,162.10,141.10
462.82,343.38,168.73,145.20
459.21,339.02,159.90,137.57
459.00,339.00,160.00,137.00
458.99,339.16,159.80,136.80
454.94,334.37,154.40,132.27
451.83,325.70,159.40,136.40
445.40,325.16,159.20,136.20
445.63,319.16,159.00,136.00
449.32,315.45,164.20,141.20
447.79,312.16,156.10,133.63
452.18,311.35,158.40,135.40
452.78,302.59,161.20,138.20
459.42,304.28,158.00,135.00
461.83,299.90,158.10,134.73
465.22,295.84,160.60,137.60
468.71,296.64,159.60,136.17
473.24,297.01,158.60,135.60
477.52,297.90,157.00,134.00
483.34,296.76,160.00,136.47
488.32,305.68,156.60,133.60
494.60,307.77,152.20,129.60
499.80,306.05,156.20,133.20
502.44,315.57,151.00,128.67
507.08,313.59,155.80,132.80
505.40,319.49,159.20,135.47
506.53,320.30,157.00,134.00
506.53,326.58,160.00,136.20
509.31,329.17,154.00,131.17
509.80,332.90,161.80,138.07
509.76,333.00,161.80,138.00
504.72,335.14,156.80,133.87
505.96,343.83,154.20,131.20
506.00,344.00,154.00,131.00
505.69,344.07,154.33,130.97
499.88,345.64,151.67,127.93
496.86,343.00,157.40,133.30
497.74,344.27,155.33,130.87
491.88,345.84,152.67,127.83
489.45,343.71,157.20,132.20
491.12,345.64,153.53,128.43
489.53,346.04,153.67,127.73
487.40,340.48,150.10,125.10
484.62,338.57,155.33,129.00
483.44,330.55,157.37,130.70
483.56,331.24,156.80,129.40
483.73,324.13,156.13,129.23
490.01,323.90,157.47,129.80
490.57,317.61,156.00,128.00
490.33,317.77,156.13,127.80
496.33,310.27,157.97,128.73
497.53,311.60,155.20,126.20
505.68,312.74,152.73,124.03
506.03,313.49,151.67,122.67
511.76,312.18,154.70,125.40
516.96,312.78,153.93,124.33
527.62,313.72,152.47,122.57
528.21,313.26,153.60,123.60
533.14,312.12,157.33,126.00
541.30,313.15,154.87,124.07
541.49,312.59,157.30,125.30
548.16,319.59,157.93,125.60
548.33,319.85,157.87,125.20
555.00,320.00,158.00,125.00
561.74,319.95,158.13,125.00
559.19,324.98,163.67,129.47
559.55,325.26,162.90,128.80
566.85,326.01,160.73,127.20
575.17,334.54,157.67,124.17
573.44,333.16,160.60,126.80
575.99,341.42,158.23,124.30
576.33,348.73,157.47,123.67
578.90,346.71,162.50,127.60
574.33,354.32,161.33,126.67
579.61,354.79,159.97,125.60
574.53,354.52,160.80,126.00
575.92,362.82,157.93,123.50
571.74,361.89,160.07,125.20
573.02,370.19,157.00,122.50
563.51,368.49,161.33,125.73
562.44,370.19,156.87,122.17
558.94,370.58,155.60,121.20
551.79,370.55,155.63,121.10
549.23,370.51,155.67,121.00
544.99,370.87,154.50,120.10
536.46,363.02,157.33,121.87
538.98,365.21,151.87,117.33
531.00,358.83,154.00,119.40
530.88,357.47,153.83,119.17
523.94,357.53,153.67,118.93
521.13,349.70,158.90,122.30
520.82,348.92,159.13,122.33
529.12,349.93,156.17,120.23
529.00,350.00,156.00,120.00
529.25,349.89,156.00,120.30
533.49,347.55,161.40,125.07
534.20,347.43,161.40,125.40
539.34,346.74,164.27,126.87
540.47,346.55,164.33,127.33
547.00,346.86,163.40,126.80
548.84,346.92,162.97,126.77
551.45,348.41,158.20,123.87
556.59,348.04,158.40,124.70
560.04,349.10,156.00,122.67
561.36,349.74,153.80,121.47
561.67,349.72,153.60,121.60
562.18,352.78,153.00,121.47
563.19,357.23,151.40,120.13
561.10,354.85,156.00,125.00
561.21,360.13,156.20,125.47
561.32,363.01,156.40,125.93
555.56,366.10,159.60,128.40
555.83,368.90,159.00,128.33
556.30,376.18,158.00,128.00
556.82,381.80,156.90,126.90
556.07,384.87,154.60,124.93
556.37,390.14,154.40,125.07
558.47,392.84,150.60,122.80
557.47,397.59,153.00,124.67
551.63,398.58,153.00,124.93
551.29,398.24,153.60,125.60
552.40,405.68,150.40,123.73
552.80,405.92,150.00,123.70
553.00,406.00,150.00,124.00
553.09,406.17,150.07,123.67
553.08,406.24,150.33,123.53
553.27,406.51,150.20,123.00
553.37,406.68,150.27,122.67
553.71,407.02,149.83,122.00
553.55,407.02,150.40,122.00
553.64,407.19,150.47,121.67
554.39,406.63,152.73,122.80
558.23,410.31,155.70,125.40
560.35,411.94,151.67,121.67
560.38,414.31,151.83,121.43
567.81,415.02,150.80,120.00
567.68,415.05,151.27,119.93
568.65,415.81,149.53,118.40
568.78,416.00,149.50,118.00
568.80,419.26,149.67,117.73
568.83,419.16,149.83,117.47
569.75,423.63,148.20,116.00
570.77,424.42,146.37,114.40
564.41,424.61,146.33,114.00
563.49,424.10,148.40,115.00
563.57,424.25,148.47,114.67
557.49,424.76,147.83,113.63
559.63,426.17,143.80,110.80
552.22,425.55,146.17,112.00
554.58,427.21,141.73,108.67
546.20,425.83,146.40,111.40
544.92,425.52,149.27,112.93
541.76,432.83,146.03,110.40
542.00,433.00,146.00,110.00
541.72,432.97,146.23,110.07
542.74,439.62,143.87,108.47
531.01,436.08,154.80,116.50
537.73,437.14,152.93,114.40
538.71,443.36,150.67,112.83
530.86,442.65,155.20,116.60
533.21,444.63,150.63,112.70
533.87,445.08,149.47,111.87
535.82,446.40,145.70,109.30
536.07,452.94,145.33,109.00
534.38,451.85,148.87,111.30
536.28,453.36,145.20,108.40
536.70,457.29,144.50,107.47
538.55,455.78,147.47,110.20
536.65,457.87,151.00,112.50
533.41,458.20,151.13,112.00
538.30,459.71,146.97,109.13
538.65,460.16,146.00,108.40
538.73,460.54,145.60,107.80
536.90,459.19,149.00,110.67
540.71,458.76,150.60,111.70
542.71,455.53,146.80,108.40
542.65,454.28,149.97,110.60
542.03,453.84,151.00,111.20
547.51,452.78,150.83,111.00
552.24,455.47,143.20,105.73
550.60,448.91,146.30,107.80
547.50,446.38,152.33,111.73
550.20,448.34,146.77,107.93
550.00,442.00,147.00,108.00
550.01,435.39,146.93,108.50
551.31,429.75,144.27,107.33
553.62,431.36,139.60,104.10
550.72,421.79,147.13,110.40
552.40,422.56,144.17,108.83
553.78,416.85,141.80,107.80
552.76,409.41,144.23,109.97
552.25,409.80,142.07,109.07
552.16,403.16,142.20,109.70
551.40,402.44,143.67,111.00
552.34,396.47,141.73,110.23
552.28,396.10,141.80,110.80
552.02,395.81,142.27,111.20
552.05,395.52,142.13,111.60
552.09,395.23,142.00,112.00
553.63,395.94,138.87,110.40
550.66,399.74,139.57,111.07
549.92,398.65,141.40,113.40
547.34,399.72,138.53,111.40
546.73,401.16,139.67,112.67
544.87,399.11,143.30,116.50
542.01,397.73,145.53,119.00
543.32,403.49,143.23,117.50
543.80,403.53,142.60,117.60
539.86,404.76,139.83,115.33
541.08,405.46,137.27,114.13
542.41,406.82,134.50,112.80
540.78,408.27,137.67,115.47
540.89,408.14,137.33,115.73
541.00,408.00,137.00,116.00
540.83,408.13,136.97,115.70
540.66,408.67,136.93,115.40
541.09,409.01,136.90,115.10
543.29,411.51,132.53,110.47
544.49,412.60,130.17,108.67
544.38,412.82,130.40,108.60
544.51,413.27,130.17,108.07
548.79,413.53,130.33,107.93
548.52,411.99,130.50,107.80
548.25,412.04,130.67,107.67
547.99,406.15,130.83,107.53
544.17,406.21,131.00,107.40
547.96,403.53,130.03,106.13
547.13,400.42,131.33,107.13
544.66,395.02,130.00,106.00
548.74,393.40,127.40,103.67
547.39,386.93,129.73,105.33
547.88,384.47,128.40,103.80
550.35,381.22,130.20,105.77
549.79,377.67,131.33,105.67
552.42,378.07,129.80,104.90
551.92,378.04,130.40,105.00
549.92,377.01,134.00,107.10
553.70,376.38,135.60,108.40
555.30,377.18,134.50,106.83
556.44,378.25,131.80,104.73
556.48,383.81,131.30,104.10
556.32,384.62,131.20,103.73
556.16,384.81,131.10,103.37
556.00,385.00,131.00,103.00
556.01,385.10,131.13,102.80
555.82,385.07,131.67,102.87
555.73,390.33,132.00,102.80
553.74,390.24,134.53,104.20
548.82,390.51,134.17,103.67
550.28,391.65,131.40,101.40
549.00,391.79,131.47,101.13
548.59,391.66,132.07,101.40
544.34,391.77,132.20,101.20
544.85,392.21,131.33,100.33
545.40,392.88,130.40,99.00
544.38,392.09,132.60,100.60
541.24,391.76,134.03,101.27
539.08,390.02,131.93,99.27
540.63,388.11,129.00,97.00
540.34,388.18,129.73,96.87
537.51,388.38,129.13,96.47
535.87,381.84,132.20,98.20
536.68,382.62,130.37,96.67
534.18,378.75,131.33,97.00
533.48,376.26,132.90,98.20
535.28,377.81,129.47,95.13
534.18,371.59,131.83,96.40
532.04,373.30,127.20,93.00
531.95,373.49,127.17,92.67
532.73,369.85,125.40,90.60
531.62,368.89,127.40,92.20
530.18,367.99,130.07,93.67
530.14,367.98,129.93,93.27
530.00,368.00,130.00,93.00
