183.00,200.00,16.00,37.00
182.99,200.00,16.08,37.00
181.69,200.10,16.16,37.00
181.84,200.15,16.24,37.00
181.66,200.12,16.32,37.16
181.64,199.97,16.40,37.00
181.63,199.05,16.48,36.24
181.62,198.66,16.56,37.00
182.81,198.65,16.64,37.00
184.30,199.14,16.72,37.00
184.81,199.96,16.80,37.00
186.16,200.45,16.88,37.56
186.35,202.26,16.96,37.00
187.69,202.29,17.04,37.00
187.71,203.65,17.12,37.00
189.13,203.88,17.20,36.60
190.86,203.85,17.28,37.64
190.45,204.33,17.36,37.68
190.87,204.13,17.44,37.00
191.92,204.81,17.52,37.00
191.99,204.84,17.60,37.00
193.85,206.15,17.68,37.16
195.25,206.20,17.76,37.12
195.29,204.63,17.84,37.92
194.01,204.99,17.92,37.00
194.00,205.00,18.00,37.00
194.14,204.97,17.84,37.20
194.85,205.87,16.76,35.56
195.57,204.21,17.52,36.72
194.29,204.95,17.36,37.80
192.74,204.92,17.20,38.00
192.58,206.86,17.04,38.20
191.71,206.95,16.88,38.12
191.88,206.93,16.72,38.28
191.39,205.55,16.56,38.44
191.06,205.23,16.40,39.20
190.63,204.41,16.24,39.76
190.55,204.99,16.08,39.92
190.01,203.60,15.92,40.08
188.81,202.82,15.76,40.24
188.99,202.75,15.60,40.40
189.16,202.67,15.44,40.56
188.41,203.52,15.28,40.72
189.50,203.50,15.12,40.88
188.65,203.48,14.96,41.04
188.76,203.46,14.80,41.20
188.66,202.08,14.64,41.36
188.84,202.12,14.48,41.40
187.76,202.08,14.32,41.60
187.88,202.04,14.16,41.80
188.00,202.00,14.00,42.00
188.01,202.09,13.96,41.72
188.02,202.18,13.92,41.44
188.04,202.27,13.88,41.16
186.72,202.36,13.84,40.88
186.74,203.43,13.80,40.80
185.45,203.73,13.76,40.56
186.21,203.80,13.72,40.32
186.19,203.86,13.68,40.08
186.18,205.39,13.64,39.48
185.55,203.99,13.60,39.60
184.30,205.33,13.56,39.36
184.33,205.64,13.52,38.60
185.63,204.42,13.48,38.40
185.65,204.25,13.44,38.64
185.68,203.18,13.40,37.80
185.33,202.03,13.36,37.52
186.67,202.11,13.32,37.24
187.50,202.83,13.28,36.96
187.85,202.95,13.24,36.68
188.53,203.07,13.20,36.40
191.23,202.21,13.16,36.12
191.22,202.34,13.12,35.72
193.50,201.06,13.08,35.56
194.98,200.10,13.04,35.24
195.00,199.00,13.00,35.00
195.05,197.88,13.00,34.92
195.09,197.92,13.00,34.84
195.14,197.96,13.00,34.76
196.35,198.01,13.00,34.68
196.39,197.12,13.00,34.60
196.43,195.73,13.00,34.52
196.25,196.92,13.00,34.44
197.40,195.01,13.00,34.36
198.65,194.60,13.00,34.28
197.36,194.64,13.00,34.20
197.39,193.53,13.00,34.12
198.03,193.56,13.00,34.04
198.01,193.60,13.00,33.96
198.61,192.50,13.00,33.88
198.64,192.54,13.00,33.80
196.66,191.45,13.00,33.72
197.01,191.49,13.00,33.64
196.37,191.53,13.00,33.56
197.50,192.68,13.00,33.48
197.51,192.72,13.00,33.40
196.13,191.65,13.00,33.32
194.79,191.69,13.00,33.24
194.80,191.73,13.00,33.16
195.86,192.87,13.00,33.08
197.00,194.00,13.00,33.00
197.91,195.21,13.08,33.24
197.72,196.21,13.16,33.40
197.53,196.23,13.24,33.60
198.55,196.95,13.16,33.64
199.64,195.97,13.40,34.20
200.67,196.92,13.48,34.44
200.42,196.76,13.56,34.68
201.40,196.61,13.64,34.92
201.23,196.46,13.72,35.16
201.06,195.44,13.80,35.80
200.89,194.17,13.88,35.64
199.53,193.59,13.96,35.88
200.55,193.56,14.04,36.12
201.59,192.76,14.12,36.36
201.43,193.41,14.20,36.60
201.66,192.50,14.28,36.84
201.45,192.29,14.36,37.08
201.25,192.48,14.44,37.32
202.02,192.32,14.52,37.56
202.09,193.19,14.60,37.80
203.80,192.84,13.84,36.36
203.21,191.84,14.76,38.28
201.86,192.27,14.84,38.52
202.88,192.13,14.92,38.76
204.00,192.00,15.00,39.00
208.25,194.48,14.96,39.20
209.64,194.54,14.84,39.32
209.88,194.51,14.76,39.48
209.79,194.57,14.68,39.48
211.07,194.37,14.80,40.00
211.46,194.21,14.76,40.44
210.24,194.15,14.72,40.68
210.35,193.74,14.68,41.60
210.46,193.70,14.64,41.80
210.56,193.66,14.60,42.00
212.22,195.01,14.56,42.20
212.34,195.67,14.52,42.40
211.57,195.34,14.96,43.08
210.56,195.26,14.88,43.24
209.36,194.99,14.80,43.80
209.39,196.34,15.08,44.28
209.78,197.67,14.64,44.04
209.99,199.23,14.56,43.88
209.11,199.93,14.48,43.28
208.98,199.48,14.40,44.20
208.51,200.69,14.48,44.68
207.27,202.04,14.36,44.88
207.35,201.98,14.24,45.00
206.21,201.97,14.16,45.04
205.00,202.00,14.00,45.00
204.70,201.92,14.24,44.96
204.40,201.84,14.48,44.92
204.10,201.76,14.72,44.88
202.59,201.68,14.96,44.84
200.89,201.61,15.20,44.80
199.05,201.53,15.68,44.76
198.56,203.05,15.96,45.00
198.09,203.93,16.56,46.00
197.47,203.83,16.88,46.00
196.24,204.20,17.20,46.40
195.79,204.74,17.96,46.88
194.59,205.36,18.32,46.96
192.94,206.08,18.68,47.04
191.87,205.96,19.04,47.12
191.50,205.54,19.40,47.80
191.13,206.54,19.76,47.92
189.86,207.27,20.12,47.36
189.29,207.02,20.76,47.72
188.89,206.69,21.08,49.00
189.80,208.10,21.60,49.40
189.49,208.44,21.88,48.48
189.17,209.68,22.16,49.24
188.86,209.27,22.44,50.08
188.54,211.28,22.72,49.12
190.00,213.00,23.00,49.00
191.77,214.63,23.08,51.32
191.99,216.50,23.24,52.88
193.65,216.18,23.36,56.20
193.69,217.14,23.48,59.44
193.73,217.17,23.60,61.40
193.76,218.28,23.72,63.88
195.08,219.81,23.84,67.08
194.55,218.93,24.96,70.84
194.51,218.69,25.08,73.32
194.48,220.90,25.20,75.80
194.45,220.72,25.32,78.28
197.64,222.80,25.88,83.60
197.30,224.91,26.60,86.88
198.04,225.23,26.80,90.08
197.68,227.58,27.40,93.20
197.36,226.96,27.92,96.60
197.24,229.56,28.04,101.24
196.63,228.39,28.88,105.68
196.39,231.02,29.28,109.16
196.41,231.15,29.60,112.00
199.66,233.07,29.84,116.44
199.62,232.93,29.88,119.08
199.58,232.74,29.92,121.80
199.06,231.18,30.92,127.28
199.00,231.00,31.00,130.00
198.95,230.92,31.20,129.08
198.44,229.46,32.32,130.92
194.48,228.43,32.48,131.88
197.30,231.48,33.12,131.96
197.25,234.97,33.40,131.60
196.44,232.39,35.20,135.48
200.36,235.85,35.68,135.40
200.31,236.84,35.92,134.60
204.54,239.01,35.80,134.64
208.29,239.78,36.60,134.80
208.86,241.56,37.20,135.00
214.67,241.68,37.92,137.12
216.79,243.24,38.56,137.32
220.80,242.54,39.12,137.28
222.62,241.16,40.20,138.60
224.84,241.33,39.64,136.84
224.32,237.69,40.68,137.40
223.09,237.16,41.00,136.72
223.12,236.91,41.24,135.48
220.41,237.57,40.60,132.40
222.88,236.16,42.16,133.48
223.10,240.10,42.00,131.00
223.74,241.43,41.00,126.92
227.88,241.64,41.04,125.08
228.00,238.00,41.00,123.00
224.06,234.60,41.28,122.88
221.08,232.34,39.80,118.40
220.05,226.80,42.08,123.24
218.70,227.20,41.76,122.12
218.18,226.42,43.20,124.40
218.03,226.27,43.88,125.40
217.62,229.90,45.08,127.24
217.10,228.61,46.52,130.56
214.62,229.43,46.68,129.68
216.95,233.26,47.60,131.40
216.64,232.68,48.60,133.36
211.53,231.20,50.20,137.12
209.48,230.50,51.28,139.32
207.24,224.63,52.40,142.52
205.13,224.97,52.80,142.60
204.15,227.04,52.04,139.20
205.85,223.16,52.16,138.44
205.83,223.36,52.64,138.76
210.87,224.69,52.36,136.80
210.89,220.33,52.80,137.00
210.91,220.56,53.24,137.20
211.45,216.15,53.68,137.40
215.47,219.54,55.12,140.60
219.96,219.83,55.52,140.68
220.00,220.00,56.00,141.00
220.15,220.04,55.60,139.16
225.74,232.54,53.36,132.72
230.74,239.49,52.16,128.44
234.78,242.62,52.72,129.44
239.43,245.95,53.40,129.80
242.80,244.63,53.84,130.44
244.08,246.34,52.76,126.52
248.29,250.28,52.76,125.52
247.46,247.84,54.12,128.52
249.43,253.41,52.80,124.20
249.80,253.71,52.04,121.64
252.25,255.16,52.20,121.44
250.48,255.21,51.80,119.56
250.34,254.70,51.96,118.80
250.96,255.91,50.60,114.60
254.76,259.26,50.88,114.12
257.44,259.64,50.24,111.48
257.61,259.48,49.96,109.92
257.79,259.32,49.68,108.36
261.81,262.07,49.40,106.80
265.07,262.22,48.96,104.92
273.41,263.60,47.84,101.68
273.06,262.40,48.56,102.12
276.91,262.24,48.24,100.48
277.00,262.00,48.00,99.00
277.21,262.14,47.76,98.56
281.74,260.89,45.76,94.52
285.29,261.95,44.76,92.52
284.96,260.40,46.36,95.72
286.21,262.82,44.00,91.00
288.16,261.35,45.52,94.04
288.71,264.25,46.16,95.32
292.32,264.42,46.04,95.08
292.30,264.31,46.20,95.40
293.07,265.75,44.80,92.60
296.09,264.80,45.80,94.60
299.69,265.05,45.60,94.20
299.58,264.81,45.88,94.76
300.24,267.42,44.64,92.84
303.91,269.84,44.00,91.60
304.03,270.05,43.80,91.24
300.51,266.63,44.28,91.56
300.49,265.38,44.40,91.80
300.62,265.56,44.20,91.40
300.75,265.74,44.00,91.00
304.19,265.92,43.80,90.60
303.87,265.21,44.48,91.96
306.87,264.43,45.24,93.48
306.93,267.77,45.12,93.24
307.00,268.00,45.00,93.00
307.66,271.29,44.50,91.62
314.59,274.56,45.00,92.25
315.48,274.78,44.50,90.88
316.17,274.81,44.00,89.50
316.85,274.84,43.50,88.13
319.49,274.87,43.00,86.75
320.76,274.90,42.50,85.38
321.43,274.93,42.00,84.00
322.11,274.77,41.50,83.00
325.80,277.00,41.00,81.25
325.08,276.34,41.04,80.96
326.57,276.71,41.00,81.00
331.68,280.45,39.96,78.58
333.11,280.95,41.00,79.17
334.82,281.58,41.25,79.25
335.83,281.93,40.00,77.00
336.53,281.97,39.38,75.38
339.74,283.89,39.25,75.50
341.87,285.20,39.71,75.29
343.70,288.56,38.17,72.67
345.94,287.81,38.75,72.62
347.12,291.04,37.17,70.00
347.29,290.42,37.62,69.62
348.00,293.00,37.00,68.00
