395.00,250.00,423.00,94.00
394.75,250.14,423.80,94.27
394.50,250.28,424.60,94.53
394.25,250.43,425.40,94.80
394.00,250.57,426.20,95.07
393.75,250.71,427.00,95.33
393.50,260.64,427.80,95.60
400.43,262.14,414.23,92.33
401.27,262.11,412.87,92.13
403.85,262.20,408.00,91.70
402.00,261.58,412.00,92.67
401.50,261.26,413.30,93.03
401.00,266.04,414.60,93.40
398.23,272.54,420.43,94.33
397.87,272.27,421.47,94.67
397.50,272.00,422.50,95.00
397.13,271.73,423.53,95.33
396.77,271.47,424.57,95.67
396.40,271.20,425.60,96.00
396.03,270.93,426.63,96.33
395.67,270.67,427.67,96.67
395.30,270.40,428.70,97.00
394.93,270.13,429.73,97.33
394.57,269.87,430.77,97.67
394.20,269.60,431.80,98.00
393.83,269.33,432.83,98.33
393.47,269.07,433.87,98.67
393.10,268.80,434.90,99.00
392.73,268.53,435.93,99.33
392.37,268.27,436.97,99.67
392.00,268.00,438.00,100.00
392.42,265.38,439.13,102.93
392.83,262.76,440.27,105.87
393.25,260.14,441.40,108.80
393.67,257.52,442.53,111.73
394.08,254.90,443.67,114.67
394.50,252.28,444.80,117.60
394.92,249.66,445.93,120.53
395.33,247.04,447.07,123.47
395.75,244.43,448.20,126.40
394.50,241.14,452.67,130.67
397.60,239.09,448.43,132.47
397.00,236.57,451.60,135.20
397.42,233.95,452.73,138.13
404.63,238.85,453.87,141.07
406.87,237.27,450.50,143.00
406.71,235.15,451.93,146.00
406.56,233.03,453.37,149.00
406.40,230.92,454.80,152.00
409.09,230.07,450.53,152.47
412.08,229.02,445.67,153.33
412.22,227.02,446.50,156.10
415.66,232.18,440.73,155.93
415.96,233.43,441.27,158.57
416.25,240.43,441.80,161.20
416.54,238.72,442.33,163.83
416.83,237.01,442.87,166.47
417.12,221.65,443.40,169.10
416.58,218.60,443.93,171.73
417.69,217.29,443.67,174.17
418.00,215.00,445.00,177.00
418.10,214.67,444.87,177.17
418.21,214.09,444.73,177.33
418.71,213.84,443.80,177.10
418.95,213.45,443.40,177.13
419.18,213.06,443.00,177.17
418.62,212.28,444.20,178.00
418.72,211.82,444.07,178.17
418.83,211.37,443.93,178.33
418.93,210.92,443.80,178.50
417.53,209.96,446.67,179.67
417.49,209.46,446.83,179.93
417.44,208.95,447.00,180.20
419.34,209.10,443.27,179.17
404.24,208.65,443.13,179.33
406.60,208.94,438.50,178.00
404.45,207.74,442.87,179.67
402.00,206.43,447.83,181.53
401.95,205.93,448.00,181.80
401.90,205.43,448.17,182.07
401.85,202.33,448.33,182.33
401.80,201.70,448.50,182.60
401.75,212.46,448.67,182.87
394.80,197.37,462.63,189.27
414.00,198.20,456.20,186.60
413.08,194.58,458.17,187.67
413.07,194.46,458.33,187.93
413.05,194.35,458.50,188.20
413.03,194.23,458.67,188.47
413.02,194.12,458.83,188.73
413.00,194.00,459.00,189.00
418.60,191.40,449.87,190.73
424.20,188.80,440.73,192.47
429.80,186.19,431.60,194.20
435.14,183.26,423.00,196.60
440.67,180.57,414.00,198.50
445.90,177.39,405.60,201.40
451.74,177.14,396.00,202.30
457.27,174.73,387.00,204.20
462.80,175.58,378.00,206.10
457.90,179.56,366.33,205.00
470.24,177.38,358.53,208.07
485.79,176.67,347.80,208.20
501.52,176.31,337.23,207.63
506.06,174.95,327.87,209.07
514.83,175.84,312.00,206.00
516.84,172.00,295.40,201.73
523.29,164.44,287.93,201.43
516.99,156.35,280.80,205.40
522.10,155.86,272.17,204.83
510.29,167.61,252.33,192.33
514.56,160.47,244.70,193.70
504.10,162.27,229.67,188.60
500.35,172.14,212.70,179.97
474.72,163.52,195.20,171.40
462.07,162.98,183.83,170.50
474.95,164.02,172.47,169.60
502.30,203.18,156.60,162.40
524.63,223.77,137.93,152.60
543.75,230.21,127.10,151.57
570.00,239.00,115.00,150.00
579.74,238.14,121.33,151.43
596.41,231.80,125.80,150.07
604.42,222.17,134.00,154.30
600.49,225.70,141.27,157.80
596.99,228.90,144.67,155.83
588.66,240.28,153.00,158.60
582.74,228.62,159.33,160.03
588.08,232.41,162.13,155.93
583.43,210.92,171.00,159.90
583.31,204.30,179.00,163.67
581.20,202.51,188.13,169.13
583.44,196.91,187.40,163.80
582.67,188.00,195.87,168.60
576.27,179.61,203.53,171.40
566.71,179.61,210.50,174.00
553.36,184.40,219.60,177.13
554.20,172.13,232.50,182.80
551.18,156.55,239.00,184.20
563.46,168.20,250.67,189.23
568.30,162.18,259.33,193.00
551.42,129.34,275.50,200.70
549.90,125.05,293.40,209.00
538.82,114.63,311.33,217.40
549.27,97.59,313.80,216.60
576.73,45.84,309.17,210.17
574.01,14.22,316.13,211.53
588.04,10.97,335.40,220.60
591.45, 3.30,356.00,230.80
600.79, 1.90,364.00,232.90
610.00, 1.00,372.00,235.00
597.26,15.89,385.23,232.53
581.26,31.31,405.00,234.73
565.79,57.13,423.70,235.40
555.49,69.43,432.07,231.73
543.73,87.11,443.33,228.67
513.24,103.48,458.20,229.00
503.33,118.91,465.47,224.97
483.25,122.90,471.80,220.73
470.85,137.47,481.40,217.20
450.65,155.04,485.67,210.33
452.94,160.45,486.03,201.27
440.17,159.61,496.40,198.20
416.70,166.08,510.73,197.97
402.43,163.74,525.13,196.87
390.42,157.67,535.00,193.50
362.18,168.65,548.60,189.87
354.63,184.72,545.20,180.70
335.13,180.98,572.60,181.40
306.66,197.86,581.57,177.23
295.95,201.51,591.00,173.00
282.90,198.29,605.10,172.10
271.02,193.97,616.87,169.53
261.78,187.90,630.27,167.90
250.23,186.71,640.40,164.40
232.60,184.23,662.67,163.50
220.35,182.71,674.20,160.67
208.91,200.88,686.90,158.50
195.60,199.26,699.60,156.33
182.42,197.69,712.07,154.03
169.00,196.00,725.00,152.00
167.73,196.43,726.70,151.30
166.47,196.87,728.40,150.60
165.20,197.30,730.10,149.90
163.93,197.73,731.80,149.20
162.67,198.17,733.50,148.50
161.40,198.60,735.20,147.80
160.13,199.03,736.90,147.10
158.87,199.47,738.60,146.40
157.60,199.90,740.30,145.70
156.33,200.33,742.00,145.00
155.07,200.77,743.70,144.30
153.80,201.20,745.40,143.60
152.53,201.63,747.10,142.90
151.27,202.07,748.80,142.20
150.00,202.50,750.50,141.50
148.73,202.93,752.20,140.80
147.47,203.37,753.90,140.10
146.20,203.80,755.60,139.40
144.93,204.23,757.30,138.70
143.67,204.67,759.00,138.00
142.40,205.10,760.70,137.30
141.13,205.53,762.40,136.60
139.87,205.97,764.10,135.90
138.60,206.40,765.80,135.20
137.33,206.83,767.50,134.50
136.07,207.27,769.20,133.80
134.80,207.70,770.90,133.10
133.53,208.13,772.60,132.40
132.27,208.57,774.30,131.70
131.00,209.00,776.00,131.00
131.17,208.37,775.73,131.53
131.33,207.73,775.47,132.07
131.50,207.10,775.20,132.60
131.67,206.47,774.93,133.13
131.83,205.83,774.67,133.67
132.00,205.20,774.40,134.20
132.17,204.57,774.13,134.73
132.33,203.93,773.87,135.27
132.50,203.30,773.60,135.80
132.67,202.67,773.33,136.33
132.83,202.03,773.07,136.87
133.00,201.40,772.80,137.40
133.17,200.77,772.53,137.93
133.33,200.13,772.27,138.47
133.50,199.50,772.00,139.00
133.67,198.87,771.73,139.53
133.83,198.23,771.47,140.07
134.00,197.60,771.20,140.60
134.17,196.97,770.93,141.13
134.33,196.33,770.67,141.67
134.50,195.70,770.40,142.20
134.67,195.07,770.13,142.73
134.83,194.43,769.87,143.27
135.00,193.80,769.60,143.80
135.17,193.17,769.33,144.33
135.33,192.53,769.07,144.87
135.50,191.90,768.80,145.40
135.67,191.27,768.53,145.93
135.83,190.63,768.27,146.47
136.00,190.00,768.00,147.00
136.23,189.27,768.00,147.43
136.47,188.53,768.00,147.87
136.70,187.80,768.00,148.30
136.93,187.07,768.00,148.73
137.17,168.39,768.00,149.17
137.40,168.38,768.00,149.60
137.63,184.87,768.00,150.03
137.87,184.13,768.00,150.47
138.10,183.40,768.00,150.90
138.33,182.67,768.00,151.33
138.57,181.93,768.00,151.77
138.80,168.28,768.00,152.20
139.03,168.27,768.00,152.63
139.27,179.73,768.00,153.07
139.50,179.00,768.00,153.50
139.73,178.27,768.00,153.93
139.97,177.53,768.00,154.37
140.20,176.80,768.00,154.80
140.43,176.07,768.00,155.23
140.67,175.33,768.00,155.67
140.90,174.60,768.00,156.10
141.13,173.87,768.00,156.53
141.37,173.13,768.00,156.97
141.60,172.40,768.00,157.40
141.83,171.67,768.00,157.83
142.07,170.93,768.00,158.27
142.30,170.20,768.00,158.70
142.53,169.47,768.00,159.13
142.77,168.73,768.00,159.57
143.00,168.00,768.00,160.00
142.43,167.39,768.43,160.97
141.87,166.78,768.87,161.93
141.30,166.17,769.30,162.90
140.73,165.56,769.73,163.87
140.17,167.83,770.17,164.83
139.60,167.80,770.60,165.80
139.03,167.77,771.03,166.77
138.47,167.73,771.47,167.73
137.90,167.70,771.90,168.70
137.33,167.67,772.33,169.67
136.77,181.52,772.77,170.63
131.70,179.85,782.20,173.40
131.38,179.14,782.13,174.27
131.07,178.42,782.07,175.13
130.75,177.71,782.00,176.00
130.43,177.00,781.93,176.87
130.12,176.28,781.87,177.73
129.80,166.64,781.80,178.60
132.23,167.22,776.23,178.37
131.67,167.20,776.67,179.33
131.10,167.18,777.10,180.30
130.53,167.16,777.53,181.27
129.97,167.14,777.97,182.23
129.40,167.12,778.40,183.20
128.83,167.10,778.83,184.17
128.27,167.08,779.27,185.13
127.70,167.61,779.70,186.10
126.63,168.05,781.13,187.27
126.57,167.57,780.57,188.03
126.00,167.00,781.00,189.00
126.77,167.73,780.13,188.17
127.53,168.47,779.27,187.33
128.30,169.20,778.40,186.50
129.07,169.93,777.53,185.67
129.83,170.67,776.67,184.83
130.60,171.40,775.80,184.00
131.37,172.13,774.93,183.17
132.13,172.87,774.07,182.33
132.90,173.60,773.20,181.50
133.67,174.33,772.33,180.67
134.43,175.07,771.47,179.83
135.20,175.80,770.60,179.00
135.97,176.53,769.73,178.17
136.73,177.27,768.87,177.33
137.50,189.53,768.00,176.50
138.27,189.50,767.13,175.67
139.03,189.46,766.27,174.83
139.80,189.43,765.40,174.00
140.57,189.39,764.53,173.17
141.33,181.67,763.67,172.33
142.10,182.40,762.80,171.50
142.87,183.13,761.93,170.67
143.63,183.87,761.07,169.83
144.40,184.60,760.20,169.00
145.17,185.33,759.33,168.17
145.93,186.07,758.47,167.33
146.70,186.80,757.60,166.50
147.47,187.53,756.73,165.67
148.23,188.27,755.87,164.83
149.00,189.00,755.00,164.00
149.10,189.56,754.57,163.53
149.20,190.11,754.13,163.07
150.05,190.82,752.20,162.30
150.40,188.68,751.27,161.73
149.50,188.35,752.83,161.67
149.60,192.43,752.40,161.20
149.70,193.00,751.97,160.73
149.80,193.58,751.53,160.27
149.90,194.15,751.10,159.80
154.83,195.72,741.00,157.33
152.85,188.44,744.73,157.77
153.20,188.39,743.80,157.20
150.30,187.68,749.37,157.93
150.40,197.40,748.93,157.47
150.50,198.00,748.50,157.00
150.60,198.60,748.07,156.53
150.70,199.20,747.63,156.07
150.80,199.80,747.20,155.60
150.90,200.40,746.77,155.13
151.00,201.00,746.33,154.67
151.10,201.60,745.90,154.20
151.20,202.20,745.47,153.73
151.30,202.80,745.03,153.27
151.40,203.40,744.60,152.80
151.50,204.00,744.17,152.33
151.60,204.60,743.73,151.87
151.70,205.20,743.30,151.40
151.80,205.80,742.87,150.93
151.90,206.40,742.43,150.47
152.00,207.00,742.00,150.00
154.04,203.68,739.50,155.90
154.56,174.26,737.00,161.80
168.24,170.75,709.70,163.00
174.89,151.89,696.47,166.73
172.60,142.37,736.17,182.83
185.92,122.35,717.60,187.60
187.51,121.89,725.83,195.30
190.50,119.17,721.67,200.33
198.60,96.38,707.30,203.10
199.83,74.91,706.67,209.67
201.06,71.04,706.03,216.23
202.28,67.17,705.40,222.80
203.51,63.30,704.77,229.37
204.74,59.43,704.13,235.93
205.97,55.56,703.50,242.50
207.20,51.69,702.87,249.07
212.40,49.80,694.30,251.67
213.86,46.05,693.20,258.00
215.32,42.29,692.10,264.33
212.12,29.47,700.33,275.33
199.11,26.73,695.50,281.00
199.18,26.04,685.07,282.53
184.24,23.15,681.17,288.50
180.46,19.98,681.00,295.00
182.30,20.25,678.67,301.00
182.84,16.40,678.93,307.60
181.47,10.64,679.20,314.20
184.74, 7.59,677.73,320.47
184.65, 4.26,679.30,327.30
185.00, 1.00,680.00,334.00
182.02,22.98,683.23,334.83
179.03,21.90,686.47,335.67
178.45,20.81,689.70,336.50
176.26,19.73,692.93,337.33
175.33,-0.00,693.67,337.00
191.85,-4.99,696.40,337.60
171.46,-5.99,699.13,338.20
169.53,-6.99,701.87,338.80
167.59,-7.99,704.60,339.40
165.66,-8.99,707.33,340.00
178.33,-9.99,710.07,340.60
171.43,-13.08,721.20,345.40
168.96,-13.97,723.47,345.77
166.49,-14.85,725.73,346.13
164.02,-15.73,728.00,346.50
161.55,-16.61,730.27,346.87
154.83,-19.48,741.03,351.20
166.50,-20.48,743.80,351.80
164.58,-21.48,746.57,352.40
162.66,-22.47,749.33,353.00
165.98,-21.02,741.60,348.70
141.25,-24.47,754.87,354.20
138.53,-7.09,757.63,354.80
141.81,-4.49,748.40,349.80
139.34, 4.31,750.67,350.17
136.88, 3.65,752.93,350.53
134.41, 2.98,755.20,350.90
131.94, 2.32,757.47,351.27
129.47, 1.66,759.73,351.63
127.00, 1.00,762.00,352.00
130.83, 2.60,758.17,350.37
134.66, 4.21,754.33,348.73
138.48, 5.81,750.50,347.10
142.31, 7.42,746.67,345.47
146.14, 9.02,742.83,343.83
149.97,10.62,739.00,342.20
153.79,12.23,735.17,340.57
157.62,13.83,731.33,338.93
161.45,15.44,727.50,337.30
165.28,17.04,723.67,335.67
169.10,18.64,719.83,334.03
172.93,20.25,716.00,332.40
176.76,21.85,712.17,330.77
180.59,23.45,708.33,329.13
184.41,25.06,704.50,327.50
188.24,14.69,700.67,325.87
192.07,15.55,696.83,324.23
192.00, 7.42,700.80,326.20
204.39,-5.59,697.40,324.77
227.32,-10.60,684.00,318.67
239.57,-8.54,677.40,315.90
241.61,-7.48,675.47,315.13
243.66,-6.42,673.53,314.37
245.71,-5.36,671.60,313.60
247.76,-0.36,669.67,312.83
248.87,-0.49,669.60,312.87
251.16,-0.12,667.20,311.90
253.44,-1.33,664.80,310.93
255.72,-0.17,662.40,309.97
258.00, 1.00,660.00,309.00
258.95, 1.95,657.87,307.40
259.89, 1.50,655.73,305.80
260.84,-18.66,653.60,304.20
261.78,-17.66,651.47,302.60
281.62,-16.65,649.33,301.00
276.61,-18.05,657.60,304.20
277.02,-16.94,655.03,302.40
260.63,-15.84,652.47,300.60
266.35,-12.63,640.80,294.60
267.30,-11.63,638.67,293.00
268.25,-10.63,636.53,291.40
282.81,-9.62,634.40,289.80
279.32,-10.32,639.63,291.60
267.52,-9.21,637.07,289.80
271.95,-6.61,628.00,285.00
267.84,-2.94,613.60,278.07
271.61,-0.35,604.47,273.30
275.73,11.47,594.60,268.20
289.04, 3.74,590.97,265.93
303.64, 5.08,587.33,263.67
312.75, 6.42,583.70,261.40
312.56,10.51,583.53,260.73
311.66,12.11,579.47,258.27
312.41,13.11,578.20,257.00
310.20,12.73,582.83,258.50
312.40,-2.82,578.67,256.00
334.74,-1.87,574.50,253.50
337.73,-0.51,568.53,250.20
339.36, 0.24,565.27,248.10
341.00, 1.00,562.00,246.00
348.10,10.24,553.67,243.07
355.20,18.70,545.33,240.13
361.99,25.04,537.60,237.60
368.99,14.31,529.47,234.80
391.52,21.19,519.33,230.83
396.60,26.96,508.40,226.60
397.36,13.59,502.27,224.77
419.97,27.86,488.87,219.93
419.36,10.95,485.00,219.10
428.02,31.57,492.33,223.33
417.35,28.69,491.87,223.73
428.78,14.18,489.00,223.60
435.20,12.90,467.97,215.23
475.73, 4.90,466.80,216.13
515.42,13.31,462.00,214.50
520.25,38.16,458.33,214.20
472.23,43.56,450.93,212.00
466.11,61.44,452.80,214.20
415.22,53.88,455.83,216.80
396.64,49.22,443.67,211.33
392.28,65.27,448.40,214.90
376.30,87.88,444.00,214.07
379.97,104.39,433.20,210.03
377.01,89.25,427.40,208.80
361.19,106.25,410.17,201.00
349.42,119.87,429.60,212.47
344.71,143.24,414.90,206.50
351.59,176.39,400.33,200.60
356.10,197.00,394.57,198.97
361.00,214.00,388.00,197.00
355.15,213.35,393.97,195.34
362.73,226.12,399.93,193.69
371.07,237.90,405.90,192.03
386.57,238.19,403.45,186.52
389.72,242.44,420.66,191.00
399.06,244.66,425.59,189.00
393.42,244.07,430.52,187.00
387.78,243.48,435.45,185.00
382.14,235.28,440.38,183.00
366.86,222.63,445.31,181.00
361.14,221.97,451.41,180.34
353.97,205.35,460.41,180.45
357.73,205.53,464.45,178.07
352.52,205.72,468.48,175.69
347.30,198.51,472.52,173.31
333.30,191.34,480.14,172.72
327.38,214.06,480.59,168.55
308.22,213.25,491.59,166.86
285.29,185.66,496.90,164.97
273.35,187.84,509.79,165.14
263.40,177.27,513.28,162.24
256.69,158.51,519.24,160.59
251.35,151.24,516.48,156.55
232.24,147.69,520.69,154.10
225.50,146.65,526.55,152.48
222.23,145.50,522.55,148.17
206.64,142.07,549.07,152.31
216.22,141.53,555.03,150.66
210.00,141.00,561.00,149.00
